0.970750345	5.807096497	0.589316118	1.257841698
0.970846409	5.813675435	0.59089794	1.257470998
0.970942482	5.820196022	0.592475014	1.257102129
0.971038565	5.826658667	0.594047395	1.256735067
0.971134657	5.833063766	0.59561514	1.256369788
0.971230758	5.839411705	0.597178301	1.256006268
0.97132687	5.845702859	0.598736933	1.255644484
0.97142299	5.851937592	0.600291086	1.255284414
0.97151912	5.858116254	0.601840812	1.254926035
0.97161526	5.86423919	0.603386159	1.254569325
0.971711409	5.87030673	0.604927176	1.254214264
0.971807568	5.876319197	0.60646391	1.25386083
0.971903736	5.882276905	0.607996407	1.253509004
0.971999914	5.888180157	0.609524712	1.253158765
0.972096101	5.894029247	0.611048869	1.252810094
0.972192298	5.899824461	0.612568922	1.252462972
0.972288504	5.905566075	0.614084912	1.25211738
0.97238472	5.911254357	0.615596881	1.251773299
0.972480945	5.916889567	0.617104869	1.251430713
0.97257718	5.922471957	0.618608916	1.251089602
0.972673424	5.92800177	0.62010906	1.25074995
0.972769678	5.933479243	0.62160534	1.250411739
0.972865942	5.938904603	0.623097793	1.250074954
0.972962215	5.944278072	0.624586455	1.249739577
0.973058497	5.949599863	0.626071361	1.249405593
0.973154789	5.954870182	0.627552546	1.249072985
0.973251091	5.960089228	0.629030045	1.248741739
0.973347402	5.965257195	0.63050389	1.24841184
0.973443722	5.970374267	0.631974116	1.248083271
0.973540052	5.975440623	0.633440753	1.24775602
0.973636392	5.980456436	0.634903833	1.24743007
0.973732741	5.985421873	0.636363387	1.247105409
0.9738291	5.990337093	0.637819446	1.246782023
0.973925468	5.995202249	0.639272039	1.246459897
0.974021846	6.000017489	0.640721194	1.246139018
0.974118233	6.004782954	0.64216694	1.245819374
0.97421463	6.009498779	0.643609306	1.245500951
0.974311037	6.014165096	0.645048318	1.245183736
0.974407453	6.018782027	0.646484003	1.244867718
0.974503878	6.023349692	0.647916388	1.244552883
0.974600313	6.027868202	0.649345498	1.244239221
0.974696758	6.032337666	0.650771359	1.243926717
0.974793212	6.036758186	0.652193995	1.243615363
0.974889676	6.041129858	0.65361343	1.243305144
0.974986149	6.045452773	0.655029689	1.242996052
0.975082631	6.049727019	0.656442795	1.242688073
0.975179124	6.053952675	0.65785277	1.242381198
0.975275626	6.058129819	0.659259637	1.242075415
0.975372137	6.062258521	0.660663419	1.241770714
0.975468658	6.066338847	0.662064136	1.241467085
0.975565188	6.070370858	0.663461811	1.241164517
0.975661729	6.074354611	0.664856463	1.240863
0.975758278	6.078290157	0.666248113	1.240562525
0.975854837	6.082177542	0.667636782	1.24026308
0.975951406	6.086016809	0.669022488	1.239964658
0.976047984	6.089807996	0.670405252	1.239667247
0.976144572	6.093551133	0.671785091	1.23937084
0.97624117	6.097246251	0.673162026	1.239075426
0.976337776	6.100893371	0.674536072	1.238780997
0.976434393	6.104492513	0.67590725	1.238487543
0.976531019	6.108043691	0.677275576	1.238195056
0.976627655	6.111546916	0.678641067	1.237903527
0.9767243	6.115002191	0.68000374	1.237612948
0.976820955	6.118409519	0.681363612	1.23732331
0.976917619	6.121768895	0.682720698	1.237034604
0.977014293	6.125080312	0.684075016	1.236746823
0.977110976	6.128343757	0.68542658	1.236459959
0.977207669	6.131559214	0.686775405	1.236174003
0.977304372	6.134726661	0.688121507	1.235888947
0.977401084	6.137846073	0.689464901	1.235604785
0.977497806	6.14091742	0.690805601	1.235321508
0.977594537	6.143940668	0.69214362	1.235039108
0.977691278	6.146915779	0.693478974	1.234757579
0.977788028	6.149842709	0.694811675	1.234476913
0.977884788	6.152721412	0.696141736	1.234197102
0.977981558	6.155551836	0.697469172	1.23391814
0.978078337	6.158333925	0.698793995	1.233640019
0.978175126	6.161067619	0.700116217	1.233362733
0.978271924	6.163752853	0.70143585	1.233086275
0.978368732	6.16638956	0.702752908	1.232810637
0.97846555	6.168977664	0.704067401	1.232535814
0.978562377	6.171517091	0.705379341	1.232261798
0.978659213	6.174007756	0.70668874	1.231988584
0.97875606	6.176449574	0.707995608	1.231716164
0.978852916	6.178842454	0.709299958	1.231444533
0.978949781	6.181186302	0.710601798	1.231173684
0.979046656	6.183481017	0.711901141	1.23090361
0.97914354	6.185726496	0.713197995	1.230634307
0.979240435	6.18792263	0.714492372	1.230365767
0.979337338	6.190069307	0.71578428	1.230097985
0.979434252	6.192166409	0.71707373	1.229830956
0.979531175	6.194213813	0.718360731	1.229564672
0.979628107	6.196211394	0.719645292	1.229299129
0.979725049	6.19815902	0.720927423	1.22903432
0.979822001	6.200056555	0.722207131	1.228770241
0.979918962	6.201903859	0.723484425	1.228506885
0.980015933	6.203700787	0.724759315	1.228244247
0.980112914	6.205447189	0.726031808	1.227982322
0.980209904	6.20714291	0.727301912	1.227721105
0.980306903	6.20878779	0.728569634	1.227460589
0.980403913	6.210381665	0.729834984	1.227200771
0.980500932	6.211924366	0.731097968	1.226941644
0.98059796	6.213415719	0.732358593	1.226683204
0.980694998	6.214855544	0.733616866	1.226425446
0.980792046	6.216243656	0.734872795	1.226168364
0.980889103	6.217579867	0.736126386	1.225911955
0.98098617	6.218863982	0.737377646	1.225656212
0.981083247	6.2200958	0.738626581	1.225401131
0.981180333	6.221275117	0.739873197	1.225146707
0.981277428	6.222401722	0.741117501	1.224892936
0.981374534	6.223475398	0.742359498	1.224639813
0.981471649	6.224495926	0.743599194	1.224387334
0.981568773	6.225463076	0.744836594	1.224135493
0.981665907	6.226376618	0.746071704	1.223884287
0.981763051	6.227236312	0.74730453	1.223633711
0.981860205	6.228041915	0.748535076	1.22338376
0.981957368	6.228793176	0.749763346	1.22313443
0.98205454	6.229489839	0.750989347	1.222885717
0.982151722	6.230131642	0.752213082	1.222637617
0.982248914	6.230718317	0.753434556	1.222390125
0.982346116	6.231249591	0.754653773	1.222143237
0.982443327	6.231725181	0.755870737	1.22189695
0.982540548	6.232144801	0.757085453	1.221651258
0.982637778	6.232508157	0.758297923	1.221406159
0.982735018	6.232814949	0.759508152	1.221161647
0.982832267	6.23306487	0.760716143	1.22091772
0.982929527	6.233257606	0.761921899	1.220674372
0.983026795	6.233392836	0.763125424	1.220431601
0.983124074	6.233470233	0.76432672	1.220189402
0.983221362	6.233489461	0.765525791	1.219947772
0.98331866	6.233450178	0.766722639	1.219706706
0.983415967	6.233352033	0.767917267	1.219466202
0.983513284	6.23319467	0.769109677	1.219226255
0.98361061	6.232977723	0.770299871	1.218986862
0.983707947	6.232700818	0.771487852	1.218748019
0.983805292	6.232363575	0.772673622	1.218509723
0.983902648	6.231965604	0.773857182	1.218271969
0.984000013	6.231506508	0.775038534	1.218034756
0.984097388	6.23098588	0.77621768	1.217798078
0.984194772	6.230403304	0.777394621	1.217561933
0.984292166	6.229758358	0.778569358	1.217326317
0.98438957	6.229050608	0.779741892	1.217091227
0.984486983	6.228279612	0.780912224	1.216856659
0.984584406	6.227444919	0.782080356	1.216622611
0.984681839	6.226546066	0.783246287	1.216389078
0.984779281	6.225582584	0.784410018	1.216156059
0.984876733	6.22455399	0.78557155	1.215923548
0.984974194	6.223459794	0.786730882	1.215691544
0.985071665	6.222299493	0.787888015	1.215460043
0.985169146	6.221072575	0.789042949	1.215229042
0.985266637	6.219778516	0.790195683	1.214998538
0.985364137	6.218416781	0.791346217	1.214768527
0.985461647	6.216986823	0.79249455	1.214539007
0.985559166	6.215488085	0.793640682	1.214309975
0.985656695	6.213919996	0.794784612	1.214081427
0.985754234	6.212281974	0.795926338	1.213853362
0.985851782	6.210573423	0.79706586	1.213625775
0.98594934	6.208793735	0.798203175	1.213398663
0.986046908	6.206942288	0.799338284	1.213172025
0.986144485	6.205018448	0.800471183	1.212945857
0.986242072	6.203021565	0.801601872	1.212720156
0.986339669	6.200950976	0.802730348	1.21249492
0.986437275	6.198806004	0.803856609	1.212270145
0.986534891	6.196585955	0.804980652	1.212045829
0.986632516	6.194290121	0.806102476	1.211821969
0.986730152	6.191917778	0.807222077	1.211598563
0.986827797	6.189468184	0.808339453	1.211375607
0.986925451	6.186940583	0.809454601	1.211153099
0.987023115	6.1843342	0.810567518	1.210931037
0.987120789	6.181648244	0.8116782	1.210709417
0.987218473	6.178881905	0.812786644	1.210488237
0.987316166	6.176034353	0.813892845	1.210267495
0.987413869	6.173104742	0.814996802	1.210047188
0.987511582	6.170092202	0.816098508	1.209827313
0.987609304	6.166995846	0.817197961	1.209607868
0.987707036	6.163814766	0.818295155	1.20938885
0.987804777	6.160548031	0.819390086	1.209170257
0.987902529	6.157194689	0.820482749	1.208952086
0.98800029	6.153753766	0.82157314	1.208734335
0.98809806	6.150224265	0.822661253	1.208517002
0.98819584	6.146605161	0.823747083	1.208300084
0.98829363	6.142895408	0.824830624	1.208083578
0.98839143	6.139093932	0.82591187	1.207867482
0.988489239	6.135199633	0.826990816	1.207651795
0.988587058	6.131211385	0.828067455	1.207436512
0.988684887	6.127128032	0.829141781	1.207221633
0.988782725	6.122948391	0.830213787	1.207007155
0.988880573	6.118671247	0.831283467	1.206793075
0.988978431	6.114295354	0.832350813	1.206579392
0.989076299	6.109819436	0.833415818	1.206366103
0.989174176	6.105242181	0.834478474	1.206153205
0.989272062	6.100562247	0.835538774	1.205940697
0.989369959	6.095778253	0.83659671	1.205728576
0.989467865	6.090888783	0.837652274	1.20551684
0.989565781	6.08589238	0.838705456	1.205305487
0.989663706	6.080787551	0.839756249	1.205094515
0.989761642	6.075572762	0.840804643	1.204883922
0.989859587	6.070246435	0.841850629	1.204673704
0.989957541	6.064806951	0.842894197	1.204463861
0.990055505	6.059252643	0.843935337	1.204254391
0.990153479	6.0535818	0.84497404	1.20404529
0.990251463	6.047792657	0.846010295	1.203836557
0.990349456	6.041883404	0.847044091	1.20362819
0.99044746	6.035852176	0.848075417	1.203420187
0.990545472	6.029697055	0.849104263	1.203212546
0.990643495	6.023416064	0.850130615	1.203005264
0.990741527	6.017007171	0.851154462	1.20279834
0.990839569	6.010468277	0.852175792	1.202591772
0.99093762	6.003797222	0.853194593	1.202385557
0.991035682	5.996991779	0.85421085	1.202179694
0.991133753	5.990049654	0.855224551	1.20197418
0.991231833	5.982968476	0.856235683	1.201769015
0.991329924	5.975745804	0.85724423	1.201564195
0.991428024	5.968379115	0.858250178	1.201359718
0.991526134	5.960865807	0.859253512	1.201155584
0.991624253	5.953203192	0.860254218	1.200951789
0.991722382	5.945388494	0.861252278	1.200748333
0.991820521	5.93741884	0.862247678	1.200545212
0.99191867	5.929291261	0.863240399	1.200342426
0.992016828	5.921002686	0.864230426	1.200139972
0.992114996	5.912549937	0.86521774	1.199937848
0.992213174	5.903929724	0.866202322	1.199736053
0.992311362	5.895138641	0.867184156	1.199534585
0.992409559	5.886173159	0.86816322	1.199333441
0.992507766	5.87702962	0.869139496	1.19913262
0.992605983	5.86770423	0.870112963	1.198932121
0.992704209	5.858193051	0.8710836	1.19873194
0.992802445	5.848491998	0.872051385	1.198532077
0.992900691	5.838596826	0.873016296	1.19833253
0.992998946	5.828503127	0.873978312	1.198133296
0.993097212	5.818206316	0.874937406	1.197934374
0.993195487	5.807701624	0.875893557	1.197735763
0.993293771	5.79698409	0.876846738	1.19753746
0.993392066	5.786048545	0.877796924	1.197339463
0.99349037	5.774889604	0.878744088	1.197141772
0.993588684	5.763501652	0.879688203	1.196944383
0.993687008	5.751878832	0.88062924	1.196747296
0.993785341	5.740015031	0.881567171	1.196550508
0.993883684	5.72790386	0.882501965	1.196354018
0.993982037	5.715538642	0.883433592	1.196157824
0.994080399	5.702912389	0.884362018	1.195961924
0.994178772	5.690017789	0.885287211	1.195766317
0.994277154	5.676847177	0.886209137	1.195571
0.994375545	5.66339252	0.88712776	1.195375973
0.994473947	5.64964539	0.888043043	1.195181233
0.994572358	5.63559693	0.888954948	1.194986778
0.994670779	5.621237831	0.889863436	1.194792607
0.99476921	5.606558301	0.890768466	1.194598718
0.99486765	5.591548025	0.891669996	1.194405109
0.9949661	5.576196127	0.892567982	1.194211779
0.99506456	5.560491134	0.893462378	1.194018726
0.99516303	5.544420928	0.894353137	1.193825948
0.99526151	5.527972689	0.89524021	1.193633443
0.995359999	5.511132842	0.896123545	1.19344121
0.995458498	5.493886999	0.89700309	1.193249247
0.995557006	5.476219888	0.897878789	1.193057552
0.995655525	5.458115284	0.898750584	1.192866123
0.995754053	5.439555918	0.899618415	1.192674959
0.995852591	5.420523383	0.900482219	1.192484059
0.995951138	5.40099803	0.90134193	1.192293419
0.996049696	5.380958862	0.902197479	1.192103039
0.996148263	5.360383396	0.903048795	1.191912916
0.99624684	5.339247514	0.903895802	1.191723049
0.996345427	5.317525302	0.904738421	1.191533437
0.996444023	5.295188861	0.905576568	1.191344077
0.996542629	5.272208096	0.906410156	1.191154967
0.996641245	5.248550473	0.907239093	1.190966106
0.996739871	5.224180741	0.908063282	1.190777493
0.996838506	5.199060625	0.908882619	1.190589124
0.996937151	5.173148439	0.909696997	1.190400998
0.997035806	5.146398675	0.9105063	1.190213114
0.997134471	5.118761519	0.911310406	1.19002547
0.997233146	5.090182261	0.912109185	1.189838063
0.99733183	5.060600624	0.912902498	1.189650892
0.997430524	5.029949964	0.913690198	1.189463955
0.997529228	4.998156334	0.914472125	1.189277249
0.997627941	4.965137322	0.91524811	1.189090774
0.997726665	4.9308007	0.916017969	1.188904526
0.997825398	4.895042784	0.916781505	1.188718504
0.997924141	4.857746359	0.917538503	1.188532706
0.998022893	4.818778216	0.918288731	1.18834713
0.998121656	4.777986012	0.919031933	1.188161773
0.998220428	4.735194336	0.919767832	1.187976633
0.99831921	4.690199706	0.920496121	1.187791708
0.998418002	4.642764103	0.921216458	1.187606996
0.998516803	4.592606473	0.921928466	1.187422495
0.998615615	4.539391486	0.922631719	1.1872382
0.998714436	4.482714222	0.923325738	1.187054112
0.998813267	4.422079017	0.924009974	1.186870225
0.998912107	4.356869479	0.924683798	1.186686539
0.999010958	4.286304765	0.925346473	1.186503049
0.999109818	4.209373818	0.925997132	1.186319753
0.999208688	4.124732432	0.926634729	1.186136647
0.999307568	4.030534379	0.927257983	1.185953728
0.999406457	3.924137815	0.927865278	1.185770992
0.999505356	3.801554837	0.928454509	1.185588435
0.999604266	3.65631168	0.929022799	1.185406052
0.999703185	3.476731921	0.929565956	1.185223837
0.999802113	3.237893318	0.930077194	1.185041784
0.999901052	2.866105066	0.930543184	1.184859883
1.000000000	0.04673759	0.93066458	1.184617721
1.000490698	0.350624664	0.930762601	1.183717512
1.000982554	0.396506823	0.931217958	1.182817218
1.001475394	0.426118065	0.931506652	1.181916628
1.001969357	0.448544688	0.931850527	1.181015904
1.002464409	0.466803796	0.932196276	1.180114997
1.002960576	0.482325208	0.932556896	1.179213936
1.003457857	0.495894587	0.9329261	1.178312714
1.003956264	0.507997411	0.933303814	1.177411339
1.004455801	0.518954344	0.933688633	1.176509812
1.004956475	0.528989421	0.934079826	1.175608135
1.005458292	0.538265533	0.934476684	1.17470631
1.005961256	0.546905081	0.934878643	1.173804338
1.006465373	0.555002486	0.935285217	1.172902221
1.006970649	0.5626322	0.935695989	1.171999959
1.007477088	0.569854026	0.936110594	1.171097553
1.007984696	0.576716761	0.93652871	1.170195004
1.008493477	0.583260771	0.93695005	1.169292312
1.009003437	0.589519845	0.937374357	1.168389478
1.009514579	0.595522568	0.9378014	1.167486501
1.010026909	0.601293346	0.938230967	1.166583382
1.010540431	0.606853191	0.938662865	1.165680121
1.011055149	0.612220331	0.939096918	1.164776717
1.011571068	0.617410688	0.939532962	1.163873172
1.012088193	0.622438249	0.939970847	1.162969483
1.012606528	0.627315375	0.940410431	1.162065651
1.013126077	0.632053046	0.940851583	1.161161676
1.013646845	0.636661058	0.941294181	1.160257557
1.014168835	0.641148197	0.941738109	1.159353293
1.014692053	0.645522363	0.94218326	1.158448885
1.015216501	0.649790696	0.942629529	1.157544331
1.015742185	0.653959666	0.943076821	1.15663963
1.016269109	0.658035159	0.943525044	1.155734783
1.016797277	0.662022542	0.94397411	1.154829787
1.017326692	0.665926726	0.944423937	1.153924643
1.01785736	0.669752215	0.944874445	1.153019349
1.018389284	0.673503149	0.945325558	1.152113905
1.018922468	0.677183345	0.945777204	1.15120831
1.019456916	0.680796329	0.946229313	1.150302562
1.019992633	0.684345366	0.946681819	1.14939666
1.020529622	0.68783348	0.947134657	1.148490605
1.021067888	0.691263488	0.947587767	1.147584393
1.021607435	0.694638008	0.948041087	1.146678025
1.022148266	0.697959484	0.948494561	1.145771498
1.022690385	0.701230195	0.948948133	1.144864813
1.023233797	0.704452277	0.949401749	1.143957967
1.023778506	0.70762773	0.949855357	1.14305096
1.024324516	0.710758431	0.950308907	1.142143789
1.02487183	0.713846142	0.95076235	1.141236455
1.025420452	0.716892523	0.951215637	1.140328954
1.025970387	0.719899134	0.951668723	1.139421287
1.026521639	0.72286745	0.952121563	1.138513451
1.027074211	0.725798863	0.952574112	1.137605445
1.027628108	0.728694686	0.953026327	1.136697268
1.028183333	0.731556162	0.953478168	1.135788918
1.028739891	0.734384471	0.953929592	1.134880393
1.029297785	0.737180727	0.95438056	1.133971693
1.02985702	0.739945992	0.954831033	1.133062815
1.030417598	0.742681271	0.955280972	1.132153757
1.030979525	0.74538752	0.955730341	1.131244519
1.031542804	0.74806565	0.956179101	1.130335099
1.03210744	0.750716526	0.956627218	1.129425494
1.032673435	0.753340974	0.957074656	1.128515704
1.033240794	0.755939782	0.95752138	1.127605725
1.033809522	0.758513701	0.957967355	1.126695558
1.034379621	0.761063449	0.958412549	1.125785199
1.034951097	0.763589708	0.958856928	1.124874648
1.035523952	0.766093137	0.95930046	1.123963901
1.036098191	0.768574361	0.959743113	1.123052959
1.036673817	0.77103398	0.960184854	1.122141817
1.037250836	0.773472569	0.960625653	1.121230475
1.037829249	0.775890681	0.961065479	1.120318931
1.038409063	0.778288841	0.961504303	1.119407183
1.03899028	0.780667559	0.961942092	1.118495228
1.039572904	0.783027322	0.96237882	1.117583065
1.04015694	0.785368595	0.962814455	1.116670692
1.040742391	0.787691829	0.963248969	1.115758106
1.041329262	0.789997455	0.963682333	1.114845307
1.041917555	0.792285889	0.964114519	1.11393229
1.042507276	0.794557532	0.9645455	1.113019055
1.043098428	0.796812769	0.964975247	1.1121056
1.043691015	0.799051968	0.965403732	1.111191921
1.044285041	0.801275488	0.965830929	1.110278018
1.04488051	0.803483672	0.96625681	1.109363887
1.045477425	0.805676854	0.966681348	1.108449527
1.046075792	0.807855352	0.967104518	1.107534935
1.046675613	0.810019475	0.967526292	1.106620109
1.047276893	0.812169523	0.967946644	1.105705047
1.047879636	0.814305782	0.968365548	1.104789746
1.048483845	0.81642853	0.968782978	1.103874204
1.049089525	0.818538037	0.969198908	1.102958418
1.049696679	0.820634563	0.969613314	1.102042387
1.050305311	0.822718357	0.970026168	1.101126108
1.050915426	0.824789663	0.970437447	1.100209578
1.051527027	0.826848715	0.970847124	1.099292795
1.052140119	0.828895741	0.971255175	1.098375756
1.052754704	0.830930961	0.971661574	1.09745846
1.053370788	0.832954587	0.972066296	1.096540902
1.053988373	0.834966826	0.972469318	1.095623081
1.054607464	0.836967878	0.972870613	1.094704995
1.055228066	0.838957936	0.973270158	1.09378664
1.055850181	0.840937185	0.973667927	1.092868014
1.056473813	0.842905808	0.974063897	1.091949114
1.057098967	0.844863982	0.974458042	1.091029937
1.057725647	0.846811877	0.974850338	1.090110482
1.058353856	0.848749658	0.975240761	1.089190744
1.058983599	0.850677485	0.975629287	1.088270722
1.059614878	0.852595514	0.976015891	1.087350412
1.060247699	0.854503896	0.976400548	1.086429812
1.060882065	0.856402778	0.976783235	1.085508918
1.061517979	0.858292301	0.977163928	1.084587728
1.062155447	0.860172603	0.977542601	1.08366624
1.062794471	0.862043818	0.977919231	1.082744449
1.063435055	0.863906077	0.978293794	1.081822353
1.064077204	0.865759506	0.978666265	1.080899949
1.064720922	0.867604225	0.97903662	1.079977234
1.065366211	0.869440355	0.979404835	1.079054205
1.066013076	0.871268011	0.979770885	1.078130859
1.066661521	0.873087305	0.980134746	1.077207193
1.06731155	0.874898346	0.980496395	1.076283203
1.067963166	0.87670124	0.980855805	1.075358886
1.068616373	0.878496089	0.981212954	1.074434239
1.069271175	0.880282994	0.981567816	1.07350926
1.069927576	0.882062052	0.981920368	1.072583944
1.07058558	0.883833355	0.982270583	1.071658288
1.07124519	0.885596996	0.982618439	1.070732289
1.07190641	0.887353063	0.98296391	1.069805943
1.072569245	0.889101642	0.983306971	1.068879248
1.073233696	0.890842819	0.983647598	1.067952199
1.073899769	0.892576673	0.983985766	1.067024794
1.074567468	0.894303284	0.984321449	1.066097028
1.075236795	0.896022727	0.984654624	1.065168898
1.075907754	0.897735079	0.984985264	1.064240401
1.07658035	0.899440411	0.985313344	1.063311533
1.077254585	0.901138793	0.985638839	1.06238229
1.077930464	0.902830294	0.985961725	1.061452668
1.07860799	0.90451498	0.986281974	1.060522665
1.079287166	0.906192914	0.986599562	1.059592275
1.079967997	0.907864159	0.986914463	1.058661495
1.080650486	0.909528775	0.98722665	1.057730322
1.081334636	0.911186822	0.987536099	1.056798751
1.08202045	0.912838355	0.987842782	1.055866779
1.082707934	0.91448343	0.988146675	1.054934401
1.083397089	0.9161221	0.988447749	1.054001614
1.084087919	0.917754416	0.98874598	1.053068413
1.084780428	0.91938043	0.989041339	1.052134795
1.08547462	0.921000189	0.989333801	1.051200754
1.086170496	0.922613739	0.989623338	1.050266288
1.086868062	0.924221127	0.989909924	1.049331391
1.08756732	0.925822396	0.99019353	1.04839606
1.088268274	0.927417588	0.990474131	1.04746029
1.088970927	0.929006745	0.990751697	1.046524077
1.089675281	0.930589907	0.991026202	1.045587416
1.090381341	0.93216711	0.991297617	1.044650303
1.09108911	0.933738391	0.991565914	1.043712733
1.09179859	0.935303787	0.991831065	1.042774702
1.092509785	0.936863331	0.992093041	1.041836205
1.093222698	0.938417057	0.992351814	1.040897237
1.093937332	0.939964994	0.992607354	1.039957794
1.09465369	0.941507175	0.992859634	1.039017871
1.095371775	0.943043627	0.993108622	1.038077463
1.096091589	0.944574379	0.99335429	1.037136566
1.096813136	0.946099456	0.993596608	1.036195173
1.097536419	0.947618885	0.993835546	1.035253281
1.098261441	0.94913269	0.994071073	1.034310884
1.098988203	0.950640894	0.99430316	1.033367976
1.099716709	0.952143519	0.994531774	1.032424554
1.100446962	0.953640586	0.994756887	1.031480611
1.101178964	0.955132115	0.994978465	1.030536143
1.101912718	0.956618124	0.995196478	1.029591143
1.102648226	0.95809863	0.995410893	1.028645607
1.10338549	0.95957365	0.99562168	1.027699528
1.104124514	0.961043199	0.995828804	1.026752902
1.104865299	0.962507293	0.996032235	1.025805723
1.105607847	0.963965943	0.996231938	1.024857985
1.106352162	0.965419162	0.99642788	1.023909682
1.107098245	0.966866962	0.996620029	1.022960808
1.107846097	0.968309352	0.99680835	1.022011358
1.108595722	0.969746343	0.996992808	1.021061325
1.109347121	0.971177941	0.997173371	1.020110703
1.110100296	0.972604155	0.997350001	1.019159487
1.110855249	0.97402499	0.997522665	1.018207669
1.111611981	0.975440452	0.997691327	1.017255244
1.112370494	0.976850545	0.997855951	1.016302206
1.11313079	0.978255271	0.9980165	1.015348547
1.11389287	0.979654634	0.998172938	1.014394261
1.114656736	0.981048634	0.998325228	1.013439342
1.115422388	0.982437273	0.998473333	1.012483782
1.116189829	0.983820549	0.998617214	1.011527575
1.116959059	0.985198461	0.998756833	1.010570715
1.117730079	0.986571005	0.998892152	1.009613193
1.11850289	0.98793818	0.999023132	1.008655003
1.119277493	0.989299979	0.999149733	1.007696138
1.120053889	0.990656398	0.999271915	1.00673659
1.120832078	0.992007429	0.999389637	1.005776352
1.121612061	0.993353066	0.999502859	1.004815416
1.122393838	0.9946933	0.99961154	1.003853774
1.123177409	0.996028117	0.999715637	1.00289142
1.123962775	0.997357513	0.999815108	1.001928345
1.124749935	0.99868148	0.99990991	1.000964541
1.12553889	1	1	1
