0.980678982	22.00866972	0.328343225	1.089779527
0.980717249	22.04604997	0.32896456	1.089702256
0.980755517	22.08347697	0.329585802	1.089625227
0.980793787	22.12095132	0.330206959	1.089548439
0.980832059	22.1584736	0.330828035	1.08947189
0.980870332	22.1960444	0.331449037	1.089395578
0.980908606	22.23366431	0.332069972	1.089319502
0.980946882	22.27133391	0.332690844	1.08924366
0.98098516	22.3090538	0.33331166	1.08916805
0.981023439	22.34682454	0.333932426	1.08909267
0.981061719	22.38464675	0.334553148	1.08901752
0.981100001	22.42252099	0.335173832	1.088942598
0.981138285	22.46044785	0.335794482	1.088867901
0.98117657	22.49842793	0.336415106	1.088793429
0.981214856	22.53646181	0.337035708	1.088719181
0.981253144	22.57455008	0.337656294	1.088645153
0.981291434	22.61269332	0.338276871	1.088571346
0.981329725	22.65089212	0.338897442	1.088497758
0.981368017	22.68914707	0.339518015	1.088424387
0.981406311	22.72745876	0.340138594	1.088351231
0.981444606	22.76582777	0.340759184	1.08827829
0.981482903	22.80425471	0.341379792	1.088205563
0.981521202	22.84274015	0.342000423	1.088133046
0.981559502	22.8812847	0.342621081	1.08806074
0.981597803	22.91988893	0.343241773	1.087988643
0.981636106	22.95855345	0.343862503	1.087916754
0.98167441	22.99727885	0.344483276	1.087845071
0.981712716	23.03606573	0.345104099	1.087773593
0.981751024	23.07491468	0.345724975	1.087702319
0.981789333	23.11382629	0.346345911	1.087631248
0.981827643	23.15280117	0.346966911	1.087560377
0.981865955	23.19183992	0.34758798	1.087489707
0.981904268	23.23094313	0.348209123	1.087419235
0.981942583	23.27011141	0.348830346	1.087348961
0.981980899	23.30934536	0.349451654	1.087278884
0.982019217	23.34864559	0.35007305	1.087209001
0.982057537	23.3880127	0.350694541	1.087139313
0.982095858	23.42744731	0.351316131	1.087069817
0.98213418	23.46695002	0.351937825	1.087000513
0.982172504	23.50652143	0.352559628	1.0869314
0.982210829	23.54616218	0.353181545	1.086862476
0.982249156	23.58587286	0.35380358	1.08679374
0.982287484	23.6256541	0.354425739	1.086725192
0.982325814	23.66550652	0.355048026	1.08665683
0.982364145	23.70543073	0.355670445	1.086588653
0.982402478	23.74542736	0.356293003	1.086520659
0.982440812	23.78549703	0.356915702	1.086452849
0.982479148	23.82564038	0.357538548	1.086385221
0.982517486	23.86585802	0.358161546	1.086317773
0.982555824	23.90615058	0.3587847	1.086250505
0.982594165	23.94651871	0.359408015	1.086183416
0.982632506	23.98696304	0.360031496	1.086116505
0.98267085	24.0274842	0.360655146	1.08604977
0.982709194	24.06808284	0.361278972	1.085983212
0.982747541	24.10875959	0.361902976	1.085916828
0.982785889	24.14951511	0.362527164	1.085850618
0.982824238	24.19035004	0.36315154	1.085784581
0.982862589	24.23126503	0.363776109	1.085718716
0.982900941	24.27226074	0.364400875	1.085653022
0.982939295	24.31333782	0.365025843	1.085587498
0.98297765	24.35449693	0.365651017	1.085522143
0.983016007	24.39573872	0.366276401	1.085456956
0.983054365	24.43706388	0.366902	1.085391937
0.983092725	24.47847306	0.367527819	1.085327084
0.983131086	24.51996693	0.368153861	1.085262397
0.983169449	24.56154617	0.368780132	1.085197874
0.983207813	24.60321146	0.369406635	1.085133516
0.983246179	24.64496347	0.370033375	1.08506932
0.983284546	24.68680289	0.370660357	1.085005286
0.983322914	24.72873041	0.371287584	1.084941414
0.983361285	24.77074671	0.371915061	1.084877702
0.983399656	24.81285249	0.372542792	1.08481415
0.98343803	24.85504845	0.373170781	1.084750756
0.983476404	24.89733528	0.373799034	1.08468752
0.983514781	24.9397137	0.374427553	1.084624442
0.983553158	24.9821844	0.375056344	1.08456152
0.983591537	25.02474811	0.375685411	1.084498753
0.983629918	25.06740553	0.376314758	1.084436141
0.9836683	25.11015739	0.376944389	1.084373683
0.983706684	25.1530044	0.377574308	1.084311379
0.983745069	25.19594731	0.37820452	1.084249227
0.983783456	25.23898683	0.378835029	1.084187226
0.983821844	25.2821237	0.379465839	1.084125377
0.983860234	25.32535867	0.380096954	1.084063678
0.983898625	25.36869248	0.380728379	1.084002128
0.983937018	25.41212587	0.381360118	1.083940727
0.983975412	25.45565959	0.381992175	1.083879474
0.984013808	25.49929442	0.382624554	1.083818368
0.984052205	25.5430311	0.383257259	1.083757409
0.984090603	25.5868704	0.383890295	1.083696596
0.984129004	25.6308131	0.384523666	1.083635928
0.984167405	25.67485996	0.385157376	1.083575405
0.984205808	25.71901178	0.385791429	1.083515025
0.984244213	25.76326933	0.386425829	1.083454789
0.984282619	25.8076334	0.387060581	1.083394695
0.984321027	25.8521048	0.387695688	1.083334742
0.984359436	25.89668431	0.388331155	1.083274931
0.984397847	25.94137275	0.388966986	1.083215261
0.984436259	25.98617093	0.389603185	1.08315573
0.984474673	26.03107966	0.390239757	1.083096338
0.984513088	26.07609976	0.390876705	1.083037085
0.984551505	26.12123206	0.391514034	1.08297797
0.984589923	26.16647739	0.392151747	1.082918992
0.984628342	26.2118366	0.392789849	1.082860151
0.984666764	26.25731051	0.393428345	1.082801446
0.984705186	26.30289999	0.394067238	1.082742876
0.98474361	26.34860588	0.394706532	1.082684441
0.984782036	26.39442905	0.395346232	1.08262614
0.984820463	26.44037037	0.395986342	1.082567973
0.984858892	26.4864307	0.396626865	1.082509939
0.984897322	26.53261093	0.397267807	1.082452037
0.984935754	26.57891194	0.397909171	1.082394267
0.984974187	26.62533462	0.398550962	1.082336629
0.985012621	26.67187987	0.399193183	1.082279121
0.985051058	26.7185486	0.399835839	1.082221743
0.985089495	26.76534171	0.400478934	1.082164495
0.985127934	26.81226013	0.401122472	1.082107375
0.985166375	26.85930478	0.401766457	1.082050385
0.985204817	26.90647658	0.402410894	1.081993522
0.985243261	26.95377649	0.403055787	1.081936786
0.985281706	27.00120543	0.40370114	1.081880177
0.985320153	27.04876437	0.404346957	1.081823695
0.985358601	27.09645426	0.404993242	1.081767338
0.985397051	27.14427608	0.40564	1.081711106
0.985435502	27.19223079	0.406287235	1.081654999
0.985473954	27.24031937	0.406934951	1.081599016
0.985512408	27.28854282	0.407583152	1.081543157
0.985550864	27.33690214	0.408231843	1.081487421
0.985589321	27.38539832	0.408881027	1.081431808
0.98562778	27.43403238	0.40953071	1.081376316
0.98566624	27.48280535	0.410180895	1.081320946
0.985704702	27.53171824	0.410831586	1.081265698
0.985743165	27.5807721	0.411482789	1.08121057
0.98578163	27.62996797	0.412134506	1.081155562
0.985820096	27.67930691	0.412786743	1.081100674
0.985858563	27.72878997	0.413439504	1.081045904
0.985897033	27.77841824	0.414092793	1.080991254
0.985935503	27.82819278	0.414746614	1.080936722
0.985973975	27.87811469	0.415400972	1.080882307
0.986012449	27.92818507	0.416055871	1.08082801
0.986050924	27.97840501	0.416711315	1.08077383
0.986089401	28.02877565	0.41736731	1.080719765
0.986127879	28.0792981	0.418023858	1.080665817
0.986166359	28.12997349	0.418680965	1.080611984
0.98620484	28.18080298	0.419338635	1.080558267
0.986243323	28.23178772	0.419996873	1.080504663
0.986281807	28.28292887	0.420655682	1.080451174
0.986320293	28.3342276	0.421315067	1.080397799
0.98635878	28.3856851	0.421975034	1.080344537
0.986397268	28.43730257	0.422635585	1.080291387
0.986435759	28.48908121	0.423296726	1.08023835
0.98647425	28.54102223	0.423958461	1.080185425
0.986512743	28.59312686	0.424620795	1.080132611
0.986551238	28.64539634	0.425283731	1.080079908
0.986589734	28.69783192	0.425947276	1.080027316
0.986628232	28.75043485	0.426611433	1.079974835
0.986666731	28.80320641	0.427276206	1.079922463
0.986705232	28.85614788	0.427941601	1.079870201
0.986743734	28.90926055	0.428607622	1.079818047
0.986782238	28.96254573	0.429274273	1.079766003
0.986820743	29.01600473	0.429941559	1.079714066
0.98685925	29.06963889	0.430609486	1.079662237
0.986897758	29.12344954	0.431278056	1.079610516
0.986936268	29.17743805	0.431947276	1.079558902
0.986974779	29.23160576	0.43261715	1.079507395
0.987013292	29.28595408	0.433287682	1.079455993
0.987051806	29.34048438	0.433958877	1.079404698
0.987090322	29.39519807	0.434630741	1.079353508
0.987128839	29.45009658	0.435303277	1.079302424
0.987167358	29.50518133	0.435976491	1.079251444
0.987205878	29.56045376	0.436650387	1.079200569
0.9872444	29.61591535	0.43732497	1.079149797
0.987282923	29.67156756	0.438000245	1.07909913
0.987321448	29.72741187	0.438676218	1.079048565
0.987359974	29.7834498	0.439352891	1.078998104
0.987398502	29.83968286	0.440030272	1.078947745
0.987437031	29.89611258	0.440708364	1.078897488
0.987475562	29.9527405	0.441387173	1.078847334
0.987514094	30.00956819	0.442066703	1.07879728
0.987552628	30.06659723	0.44274696	1.078747328
0.987591163	30.12382921	0.443427948	1.078697477
0.9876297	30.18126573	0.444109673	1.078647727
0.987668238	30.23890842	0.44479214	1.078598076
0.987706778	30.29675893	0.445475353	1.078548526
0.987745319	30.35481891	0.446159318	1.078499074
0.987783862	30.41309003	0.44684404	1.078449722
0.987822406	30.47157399	0.447529524	1.078400469
0.987860952	30.53027249	0.448215775	1.078351315
0.987899499	30.58918727	0.448902799	1.078302258
0.987938048	30.64832006	0.449590601	1.078253299
0.987976598	30.70767263	0.450279186	1.078204438
0.98801515	30.76724676	0.450968559	1.078155674
0.988053703	30.82704424	0.451658726	1.078107007
0.988092258	30.8870669	0.452349692	1.078058437
0.988130815	30.94731658	0.453041462	1.078009963
0.988169372	31.00779512	0.453734042	1.077961585
0.988207932	31.0685044	0.454427437	1.077913302
0.988246493	31.12944633	0.455121653	1.077865115
0.988285055	31.19062281	0.455816695	1.077817023
0.988323619	31.25203579	0.456512569	1.077769025
0.988362184	31.31368722	0.45720928	1.077721122
0.988400751	31.37557907	0.457906834	1.077673313
0.988439319	31.43771336	0.458605236	1.077625598
0.988477889	31.5000921	0.459304493	1.077577977
0.988516461	31.56271733	0.46000461	1.077530449
0.988555033	31.62559113	0.460705592	1.077483013
0.988593608	31.68871557	0.461407445	1.077435671
0.988632184	31.75209279	0.462110175	1.077388421
0.988670761	31.8157249	0.462813789	1.077341263
0.98870934	31.87961407	0.463518291	1.077294197
0.98874792	31.94376248	0.464223688	1.077247222
0.988786502	32.00817235	0.464929985	1.077200339
0.988825086	32.0728459	0.465637189	1.077153546
0.988863671	32.1377854	0.466345306	1.077106845
0.988902257	32.20299313	0.467054342	1.077060234
0.988940845	32.26847139	0.467764302	1.077013713
0.988979434	32.33422253	0.468475193	1.076967282
0.989018025	32.40024892	0.469187021	1.07692094
0.989056618	32.46655293	0.469899792	1.076874688
0.989095212	32.533137	0.470613512	1.076828526
0.989133807	32.60000356	0.471328189	1.076782452
0.989172404	32.6671551	0.472043827	1.076736466
0.989211003	32.73459412	0.472760434	1.076690569
0.989249603	32.80232315	0.473478016	1.07664476
0.989288204	32.87034477	0.474196579	1.076599039
0.989326807	32.93866155	0.47491613	1.076553406
0.989365412	33.00727614	0.475636675	1.07650786
0.989404018	33.07619119	0.476358222	1.076462401
0.989442625	33.14540939	0.477080776	1.076417028
0.989481234	33.21493346	0.477804344	1.076371743
0.989519845	33.28476615	0.478528933	1.076326544
0.989558457	33.35491026	0.47925455	1.076281431
0.98959707	33.42536861	0.479981202	1.076236403
0.989635685	33.49614406	0.480708895	1.076191462
0.989674302	33.5672395	0.481437637	1.076146606
0.98971292	33.63865785	0.482167434	1.076101835
0.98975154	33.71040209	0.482898293	1.076057149
0.989790161	33.78247522	0.483630223	1.076012547
0.989828783	33.85488028	0.484363228	1.07596803
0.989867407	33.92762035	0.485097318	1.075923598
0.989906033	34.00069853	0.485832499	1.075879249
0.98994466	34.074118	0.486568778	1.075834984
0.989983289	34.14788195	0.487306164	1.075790803
0.990021919	34.22199362	0.488044662	1.075746705
0.99006055	34.29645629	0.488784281	1.07570269
0.990099184	34.37127328	0.489525028	1.075658758
0.990137818	34.44644795	0.490266912	1.075614909
0.990176454	34.52198372	0.491009938	1.075571142
0.990215092	34.59788405	0.491754116	1.075527458
0.990253731	34.67415242	0.492499453	1.075483856
0.990292372	34.75079239	0.493245957	1.075440335
0.990331014	34.82780755	0.493993636	1.075396896
0.990369658	34.90520154	0.494742497	1.075353538
0.990408303	34.98297805	0.495492549	1.075310262
0.99044695	35.06114082	0.4962438	1.075267067
0.990485598	35.13969364	0.496996259	1.075223952
0.990524247	35.21864035	0.497749932	1.075180918
0.990562899	35.29798484	0.498504829	1.075137965
0.990601551	35.37773106	0.499260958	1.075095091
0.990640206	35.45788301	0.500018328	1.075052298
0.990678861	35.53844475	0.500776946	1.075009584
0.990717519	35.61942039	0.501536823	1.074966951
0.990756177	35.70081409	0.502297965	1.074924396
0.990794838	35.78263009	0.503060383	1.074881921
0.9908335	35.86487267	0.503824085	1.074839524
0.990872163	35.94754617	0.504589079	1.074797207
0.990910828	36.03065502	0.505355375	1.074754968
0.990949494	36.11420367	0.506122983	1.074712808
0.990988162	36.19819667	0.50689191	1.074670725
0.991026831	36.28263861	0.507662166	1.074628721
0.991065502	36.36753416	0.508433762	1.074586795
0.991104174	36.45288805	0.509206705	1.074544947
0.991142848	36.5387051	0.509981006	1.074503176
0.991181523	36.62499016	0.510756674	1.074461482
0.9912202	36.7117482	0.511533719	1.074419866
0.991258879	36.79898422	0.512312151	1.074378327
0.991297559	36.88670331	0.513091979	1.074336864
0.99133624	36.97491065	0.513873214	1.074295478
0.991374923	37.06361148	0.514655866	1.074254169
0.991413607	37.15281113	0.515439944	1.074212936
0.991452293	37.24251499	0.516225459	1.074171779
0.991490981	37.33272856	0.517012421	1.074130698
0.99152967	37.42345741	0.517800842	1.074089692
0.99156836	37.51470719	0.518590731	1.074048763
0.991607052	37.60648365	0.519382098	1.074007909
0.991645746	37.69879261	0.520174956	1.07396713
0.991684441	37.79164	0.520969315	1.073926426
0.991723137	37.88503183	0.521765185	1.073885797
0.991761835	37.97897421	0.522562578	1.073845243
0.991800535	38.07347335	0.523361506	1.073804764
0.991839236	38.16853555	0.524161979	1.073764359
0.991877938	38.26416721	0.524964009	1.073724029
0.991916642	38.36037484	0.525767607	1.073683773
0.991955348	38.45716505	0.526572786	1.073643591
0.991994055	38.55454456	0.527379557	1.073603482
0.992032763	38.6525202	0.528187932	1.073563448
0.992071473	38.7510989	0.528997923	1.073523487
0.992110185	38.85028771	0.529809543	1.073483599
0.992148898	38.9500938	0.530622803	1.073443785
0.992187613	39.05052447	0.531437717	1.073404043
0.992226329	39.15158711	0.532254296	1.073364375
0.992265047	39.25328927	0.533072555	1.07332478
0.992303766	39.35563859	0.533892505	1.073285257
0.992342486	39.45864287	0.53471416	1.073245807
0.992381209	39.56231003	0.535537532	1.073206429
0.992419932	39.66664812	0.536362636	1.073167124
0.992458657	39.77166534	0.537189485	1.073127891
0.992497384	39.87737003	0.538018093	1.073088729
0.992536112	39.98377067	0.538848472	1.07304964
0.992574842	40.09087588	0.539680638	1.073010622
0.992613573	40.19869444	0.540514605	1.072971676
0.992652306	40.3072353	0.541350386	1.072932801
0.99269104	40.41650754	0.542187997	1.072893998
0.992729776	40.52652042	0.543027451	1.072855265
0.992768513	40.63728336	0.543868765	1.072816604
0.992807252	40.74880596	0.544711952	1.072778014
0.992845993	40.86109798	0.545557028	1.072739495
0.992884734	40.97416936	0.546404009	1.072701046
0.992923478	41.08803023	0.54725291	1.072662668
0.992962223	41.2026909	0.548103747	1.07262436
0.993000969	41.31816187	0.548956536	1.072586123
0.993039717	41.43445385	0.549811293	1.072547955
0.993078466	41.55157774	0.550668034	1.072509858
0.993117217	41.66954463	0.551526777	1.072471831
0.993155969	41.78836586	0.552387537	1.072433874
0.993194723	41.90805294	0.553250332	1.072395986
0.993233479	42.02861763	0.554115179	1.072358168
0.993272236	42.15007191	0.554982096	1.072320419
0.993310994	42.272428	0.5558511	1.07228274
0.993349754	42.39569834	0.556722209	1.07224513
0.993388516	42.51989564	0.557595442	1.072207589
0.993427279	42.64503283	0.558470817	1.072170117
0.993466043	42.77112312	0.559348352	1.072132715
0.993504809	42.89817999	0.560228067	1.07209538
0.993543577	43.02621716	0.56110998	1.072058115
0.993582346	43.15524865	0.561994112	1.072020918
0.993621116	43.28528878	0.562880481	1.07198379
0.993659888	43.41635212	0.563769108	1.07194673
0.993698662	43.54845359	0.564660014	1.071909739
0.993737437	43.68160838	0.565553218	1.071872816
0.993776214	43.81583201	0.566448742	1.07183596
0.993814992	43.95114035	0.567346606	1.071799173
0.993853771	44.08754956	0.568246833	1.071762454
0.993892553	44.22507619	0.569149443	1.071725802
0.993931335	44.3637371	0.57005446	1.071689219
0.993970119	44.50354956	0.570961905	1.071652703
0.994008905	44.64453118	0.571871801	1.071616254
0.994047692	44.78669997	0.572784172	1.071579873
0.994086481	44.93007432	0.573699041	1.071543559
0.994125271	45.07467305	0.574616431	1.071507313
0.994164063	45.22051539	0.575536367	1.071471133
0.994202856	45.36762099	0.576458873	1.071435021
0.994241651	45.51600997	0.577383975	1.071398976
0.994280447	45.66570287	0.578311697	1.071362997
0.994319245	45.81672073	0.579242066	1.071327086
0.994358044	45.96908508	0.580175107	1.071291241
0.994396845	46.12281792	0.581110847	1.071255463
0.994435648	46.27794178	0.582049312	1.071219751
0.994474451	46.43447973	0.582990531	1.071184107
0.994513257	46.59245538	0.583934531	1.071148528
0.994552064	46.75189289	0.584881341	1.071113016
0.994590872	46.91281703	0.585830989	1.07107757
0.994629682	47.07525314	0.586783504	1.071042191
0.994668493	47.23922719	0.587738917	1.071006877
0.994707306	47.4047658	0.588697257	1.07097163
0.994746121	47.57189624	0.589658555	1.070936448
0.994784937	47.74064646	0.590622843	1.070901333
0.994823754	47.9110451	0.591590152	1.070866284
0.994862573	48.08312156	0.592560515	1.0708313
0.994901394	48.25690596	0.593533964	1.070796382
0.994940216	48.4324292	0.594510534	1.07076153
0.994979039	48.60972299	0.595490259	1.070726743
0.995017864	48.78881987	0.596473172	1.070692023
0.995056691	48.96975323	0.597459311	1.070657367
0.995095519	49.15255734	0.59844871	1.070622777
0.995134349	49.3372674	0.599441406	1.070588253
0.99517318	49.52391955	0.600437437	1.070553793
0.995212012	49.71255093	0.601436841	1.0705194
0.995250847	49.90319968	0.602439657	1.070485071
0.995289682	50.095905	0.603445924	1.070450808
0.995328519	50.29070718	0.604455683	1.07041661
0.995367358	50.48764765	0.605468975	1.070382476
0.995406198	50.68676901	0.606485841	1.070348408
0.99544504	50.88811507	0.607506325	1.070314406
0.995483883	51.09173093	0.608530471	1.070280468
0.995522728	51.29766298	0.609558321	1.070246595
0.995561574	51.50595897	0.610589923	1.070212787
0.995600422	51.71666807	0.611625323	1.070179043
0.995639271	51.92984092	0.612664567	1.070145365
0.995678122	52.14552969	0.613707704	1.070111752
0.995716974	52.36378813	0.614754783	1.070078203
0.995755828	52.58467164	0.615805855	1.070044719
0.995794684	52.80823735	0.616860971	1.0700113
0.995833541	53.03454415	0.617920184	1.069977945
0.995872399	53.26365281	0.618983547	1.069944656
0.995911259	53.49562603	0.620051115	1.069911431
0.99595012	53.73052854	0.621122945	1.06987827
0.995988983	53.96842715	0.622199093	1.069845174
0.996027848	54.20939088	0.623279619	1.069812143
0.996066714	54.45349103	0.624364583	1.069779177
0.996105581	54.70080128	0.625454046	1.069746275
0.99614445	54.95139781	0.62654807	1.069713437
0.996183321	55.20535939	0.627646721	1.069680665
0.996222193	55.46276754	0.628750064	1.069647956
0.996261066	55.72370658	0.629858167	1.069615313
0.996299941	55.98826381	0.630971098	1.069582734
0.996338818	56.25652967	0.63208893	1.069550219
0.996377696	56.52859781	0.633211733	1.069517769
0.996416576	56.80456531	0.634339584	1.069485384
0.996455457	57.08453282	0.635472558	1.069453063
0.99649434	57.36860473	0.636610734	1.069420807
0.996533224	57.65688935	0.637754192	1.069388616
0.99657211	57.94949912	0.638903015	1.069356489
0.996610997	58.24655079	0.640057288	1.069324426
0.996649885	58.54816567	0.641217097	1.069292429
0.996688776	58.85446983	0.642382532	1.069260496
0.996727668	59.16559437	0.643553684	1.069228628
0.996766561	59.48167568	0.64473065	1.069196824
0.996805456	59.80285571	0.645913525	1.069165086
0.996844352	60.12928226	0.64710241	1.069133412
0.99688325	60.46110935	0.648297407	1.069101803
0.996922149	60.79849749	0.649498623	1.069070259
0.99696105	61.14161409	0.650706166	1.06903878
0.996999952	61.49063384	0.651920149	1.069007366
0.997038856	61.84573909	0.653140688	1.068976017
0.997077762	62.20712037	0.654367902	1.068944733
0.997116669	62.5749768	0.655601915	1.068913515
0.997155577	62.94951662	0.656842853	1.068882361
0.997194487	63.33095777	0.658090848	1.068851273
0.997233399	63.71952844	0.659346035	1.06882025
0.997272312	64.11546774	0.660608554	1.068789293
0.997311226	64.51902635	0.661878551	1.068758401
0.997350142	64.93046732	0.663156174	1.068727575
0.99738906	65.3500668	0.664441579	1.068696814
0.997427979	65.77811496	0.665734926	1.068666119
0.9974669	66.21491689	0.667036382	1.06863549
0.997505822	66.66079363	0.668346118	1.068604928
0.997544745	67.11608326	0.669664313	1.068574431
0.997583671	67.58114212	0.670991152	1.068544
0.997622597	68.05634605	0.672326828	1.068513636
0.997661525	68.54209188	0.67367154	1.068483338
0.997700455	69.03879891	0.675025496	1.068453107
0.997739386	69.54691063	0.676388911	1.068422942
0.997778319	70.06689652	0.677762012	1.068392844
0.997817253	70.59925412	0.679145032	1.068362814
0.997856189	71.14451121	0.680538214	1.06833285
0.997895127	71.70322824	0.681941813	1.068302954
0.997934065	72.27600102	0.683356096	1.068273125
0.997973006	72.86346367	0.68478134	1.068243364
0.998011948	73.46629184	0.686217834	1.06821367
0.998050891	74.08520639	0.687665883	1.068184045
0.998089836	74.7209773	0.689125804	1.068154488
0.998128782	75.3744282	0.690597931	1.068124999
0.99816773	76.04644124	0.692082615	1.06809558
0.99820668	76.73796267	0.693580222	1.068066229
0.998245631	77.45000898	0.69509114	1.068036947
0.998284583	78.18367383	0.696615774	1.068007734
0.998323537	78.94013583	0.698154555	1.067978591
0.998362493	79.72066731	0.699707934	1.067949519
0.99840145	80.52664422	0.70127639	1.067920516
0.998440409	81.35955736	0.702860428	1.067891584
0.998479369	82.22102513	0.704460585	1.067862723
0.99851833	83.11280809	0.706077429	1.067833933
0.998557294	84.03682559	0.707711564	1.067805214
0.998596258	84.99517485	0.709363632	1.067776567
0.998635225	85.99015299	0.711034319	1.067747993
0.998674192	87.02428247	0.712724358	1.067719492
0.998713162	88.10034061	0.714434529	1.067691063
0.998752132	89.22139407	0.716165675	1.067662708
0.998791105	90.39083923	0.717918695	1.067634428
0.998830078	91.61244965	0.719694561	1.067606221
0.998869054	92.89043233	0.721494322	1.06757809
0.998908031	94.22949461	0.723319111	1.067550035
0.998947009	95.63492416	0.72517016	1.067522056
0.998985989	97.11268537	0.727048807	1.067494154
0.99902497	98.66953618	0.728956516	1.067466329
0.999063953	100.3131707	0.730894887	1.067438583
0.999102938	102.0523948	0.732865683	1.067410916
0.999141924	103.8973435	0.734870846	1.067383328
0.999180911	105.8597544	0.736912532	1.067355822
0.9992199	107.9533114	0.738993141	1.067328397
0.999258891	110.1940863	0.741115361	1.067301055
0.999297883	112.6011083	0.743282217	1.067273796
0.999336876	115.1971112	0.745497138	1.067246623
0.999375871	118.0095266	0.747764036	1.067219536
0.999414868	121.0718257	0.75008741	1.067192537
0.999453866	124.425365	0.75247248	1.067165627
0.999492866	128.1219788	0.754925363	1.067138809
0.999531867	132.2277028	0.757453307	1.067112083
0.99957087	136.8282709	0.760065022	1.067085452
0.999609874	142.03748	0.762771129	1.067058919
0.99964888	148.010395	0.765584828	1.067032487
0.999687887	154.9651158	0.768522883	1.067006158
0.999726896	163.2206069	0.77160718	1.066979936
0.999765906	173.2669073	0.774867279	1.066953827
0.999804918	185.9069046	0.778344937	1.066927835
0.999843931	202.5767534	0.782102816	1.066901967
0.999882946	226.1953821	0.78624354	1.066876235
0.999921963	264.0531741	0.790960187	1.06685065
0.999960981	343.535853	0.796725546	1.066825236
1.000000000	5397.543287	0.807302926	1.066800052
1.000784285	8.685986012	0.818452834	1.066291137
1.001572002	6.701901805	0.821732873	1.065794834
1.002363351	5.758869203	0.824498455	1.065300289
1.003158083	5.171038323	0.826916572	1.064807225
1.003956147	4.756454898	0.829117816	1.064315575
1.004757484	4.44224056	0.831156791	1.06382526
1.00556206	4.192581808	0.833070348	1.063336234
1.006369849	3.987464781	0.834882203	1.062848455
1.007180835	3.814681569	0.836609357	1.062361894
1.007995005	3.666289847	0.838264353	1.061876525
1.008812352	3.536861302	0.839856819	1.061392326
1.009632871	3.422538228	0.841394336	1.060909281
1.010456559	3.320490649	0.84288301	1.060427373
1.011283418	3.228587341	0.844327855	1.059946592
1.012113448	3.145187313	0.845733046	1.059466926
1.012946653	3.069002931	0.84710211	1.058988365
1.013783039	2.999007173	0.848438063	1.058510903
1.01462261	2.934369119	0.849743506	1.058034531
1.015465374	2.874407982	0.851020704	1.057559246
1.016311338	2.818559707	0.852271645	1.057085042
1.017160511	2.766352311	0.853498088	1.056611916
1.018012903	2.71738727	0.854701597	1.056139864
1.018868524	2.671325351	0.85588357	1.055668883
1.019727383	2.627875671	0.857045269	1.055198973
1.020589494	2.586787081	0.858187829	1.054730132
1.021454867	2.547841462	0.859312285	1.054262358
1.022323514	2.510848257	0.860419579	1.053795652
1.02319545	2.475640147	0.861510573	1.053330015
1.024070686	2.442069484	0.862586059	1.052865445
1.024949238	2.410005402	0.863646766	1.052401946
1.025831118	2.379331413	0.864693368	1.051939517
1.026716343	2.349943451	0.865726491	1.051478161
1.027604927	2.321748178	0.866746715	1.051017879
1.028496884	2.294661612	0.867754581	1.050558674
1.029392232	2.268607923	0.868750595	1.050100549
1.030290987	2.243518467	0.86973523	1.049643506
1.031193164	2.219330896	0.870708929	1.049187549
1.032098782	2.195988446	0.87167211	1.048732682
1.033007856	2.173439298	0.872625166	1.048278907
1.033920406	2.151636054	0.873568467	1.047826229
1.034836448	2.130535222	0.874502364	1.047374653
1.035756001	2.110096847	0.875427189	1.046924183
1.036679083	2.090284112	0.876343256	1.046474822
1.037605714	2.07106306	0.877250864	1.046026578
1.038535913	2.052402284	0.878150298	1.045579454
1.039469699	2.034272699	0.879041829	1.045133456
1.040407093	2.016647316	0.879925714	1.04468859
1.041348114	1.999501057	0.880802201	1.044244862
1.042292783	1.982810589	0.881671527	1.043802277
1.043241121	1.966554148	0.882533916	1.043360842
1.044193149	1.950711426	0.883389586	1.042920564
1.045148889	1.935263441	0.884238745	1.042481449
1.046108362	1.920192413	0.885081593	1.042043504
1.047071591	1.905481695	0.885918323	1.041606735
1.048038598	1.891115655	0.88674912	1.041171152
1.049009406	1.877079608	0.887574163	1.04073676
1.049984038	1.863359747	0.888393624	1.040303568
1.050962517	1.849943061	0.889207671	1.039871584
1.051944868	1.836817299	0.890016463	1.039440815
1.052931114	1.823970897	0.890820158	1.039011271
1.05392128	1.811392931	0.891618907	1.038582959
1.054915391	1.799073071	0.892412856	1.038155888
1.055913472	1.787001552	0.893202148	1.037730067
1.056915548	1.775169115	0.893986921	1.037305506
1.057921645	1.763566987	0.894767309	1.036882214
1.05893179	1.752186848	0.895543444	1.0364602
1.059946009	1.741020795	0.896315453	1.036039474
1.060964328	1.730061317	0.89708346	1.035620046
1.061986776	1.719301273	0.897847587	1.035201926
1.06301338	1.708733869	0.898607952	1.034785125
1.064044167	1.698352628	0.89936467	1.034369653
1.065079166	1.688151383	0.900117856	1.033955521
1.066118407	1.678124255	0.900867619	1.033542741
1.067161918	1.66826563	0.901614068	1.033131322
1.068209728	1.658570142	0.902357309	1.032721278
1.069261868	1.649032672	0.903097447	1.032312618
1.070318368	1.639648322	0.903834584	1.031905357
1.071379259	1.630412407	0.904568821	1.031499505
1.072444571	1.621320439	0.905300255	1.031095075
1.073514337	1.612368123	0.906028985	1.030692079
1.074588589	1.603551344	0.906755106	1.030290532
1.075667358	1.594866155	0.907478712	1.029890445
1.076750678	1.586308767	0.908199895	1.029491831
1.077838582	1.577875545	0.908918749	1.029094706
1.078931104	1.569563001	0.909635361	1.028699082
1.080028279	1.56136778	0.910349823	1.028304973
1.08113014	1.553286657	0.911062222	1.027912395
1.082236722	1.545316534	0.911772644	1.02752136
1.083348063	1.537454429	0.912481177	1.027131886
1.084464197	1.529697473	0.913187905	1.026743986
1.085585161	1.522042899	0.913892913	1.026357676
1.086710993	1.514488044	0.914596285	1.025972971
1.087841729	1.507030342	0.915298103	1.025589889
1.088977409	1.499667319	0.91599845	1.025208444
1.09011807	1.492396588	0.916697408	1.024828654
1.091263753	1.485215846	0.917395057	1.024450536
1.092414496	1.478122867	0.918091479	1.024074106
1.09357034	1.471115507	0.918786753	1.023699382
1.094731325	1.464191693	0.91948096	1.023326382
1.095897495	1.457349419	0.920174179	1.022955123
1.097068889	1.450586747	0.920866489	1.022585626
1.098245551	1.443901804	0.921557968	1.022217907
1.099427524	1.437292778	0.922248696	1.021851986
1.100614852	1.430757914	0.922938751	1.021487883
1.10180758	1.424295515	0.92362821	1.021125618
1.103005751	1.417903935	0.924317153	1.020765209
1.104209413	1.411581583	0.925005657	1.020406679
1.105418611	1.405326916	0.925693799	1.020050048
1.106633393	1.399138439	0.926381659	1.019695336
1.107853806	1.393014702	0.927069313	1.019342566
1.109079898	1.386954298	0.92775684	1.018991759
1.110311719	1.380955862	0.928444318	1.018642939
1.111549319	1.375018071	0.929131825	1.018296126
1.112792748	1.369139641	0.92981944	1.017951346
1.114042058	1.363319323	0.930507241	1.017608621
1.1152973	1.357555907	0.931195307	1.017267975
1.116558528	1.351848214	0.931883717	1.016929433
1.117825795	1.346195101	0.93257255	1.01659302
1.119099156	1.340595456	0.933261886	1.016258761
1.120378666	1.335048199	0.933951806	1.015926681
1.121664381	1.329552279	0.934642389	1.015596808
1.122956358	1.324106674	0.935333717	1.015269167
1.124254656	1.318710387	0.93602587	1.014943786
1.125559332	1.313362452	0.936718931	1.014620693
1.126870447	1.308061926	0.937412982	1.014299915
1.128188061	1.302807893	0.938108107	1.013981483
1.129512236	1.297599457	0.938804387	1.013665424
1.130843035	1.29243575	0.939501909	1.013351769
1.13218052	1.287315923	0.940200756	1.013040548
1.133524757	1.282239149	0.940901013	1.012731792
1.134875811	1.277204623	0.941602769	1.012425533
1.136233749	1.27221156	0.942306108	1.012121802
1.137598638	1.267259193	0.94301112	1.011820632
1.138970548	1.262346776	0.943717892	1.011522058
1.140349548	1.25747358	0.944426515	1.011226112
1.14173571	1.252638893	0.945137079	1.010932829
1.143129105	1.24784202	0.945849675	1.010642244
1.144529807	1.243082285	0.946564395	1.010354394
1.145937891	1.238359026	0.947281334	1.010069315
1.147353433	1.233671596	0.948000586	1.009787044
1.14877651	1.229019364	0.948722245	1.00950762
1.150207201	1.224401713	0.94944641	1.009231081
1.151645586	1.21981804	0.950173178	1.008957467
1.153091745	1.215267755	0.950902648	1.008686818
1.154545762	1.210750282	0.951634921	1.008419175
1.156007721	1.206265058	0.952370098	1.00815458
1.157477707	1.201811531	0.953108283	1.007893076
1.158955807	1.197389163	0.953849581	1.007634707
1.16044211	1.192997426	0.954594097	1.007379516
1.161936707	1.188635806	0.955341939	1.00712755
1.163439689	1.184303796	0.956093216	1.006878855
1.164951149	1.180000902	0.956848039	1.006633478
1.166471183	1.175726639	0.95760652	1.006391466
1.167999888	1.171480534	0.958368774	1.006152871
1.169537363	1.167262121	0.959134916	1.00591774
1.171083707	1.163070946	0.959905064	1.005686127
1.172639024	1.158906561	0.960679339	1.005458083
1.174203417	1.15476853	0.96145786	1.005233661
1.175776994	1.150656425	0.962240753	1.005012917
1.177359861	1.146569824	0.963028143	1.004795905
1.178952131	1.142508316	0.963820158	1.004582683
1.180553914	1.138471496	0.964616927	1.004373308
1.182165327	1.134458968	0.965418583	1.004167841
1.183786485	1.130470341	0.966225261	1.003966342
1.185417508	1.126505234	0.967037099	1.003768872
1.187058517	1.122563272	0.967854234	1.003575495
1.188709636	1.118644086	0.968676811	1.003386275
1.190370993	1.114747314	0.969504973	1.00320128
1.192042715	1.1108726	0.970338869	1.003020575
1.193724934	1.107019595	0.971178648	1.002844231
1.195417785	1.103187956	0.972024465	1.002672318
1.197121405	1.099377344	0.972876476	1.002504908
1.198835933	1.095587429	0.973734839	1.002342075
1.200561512	1.091817883	0.974599718	1.002183895
1.202298289	1.088068388	0.97547128	1.002030444
1.204046411	1.084338625	0.976349692	1.001881802
1.205806031	1.080628286	0.977235129	1.00173805
1.207577304	1.076937063	0.978127767	1.001599271
1.209360388	1.073264656	0.979027786	1.001465549
1.211155447	1.069610768	0.979935371	1.001336971
1.212962645	1.065975107	0.98085071	1.001213626
1.214782152	1.062357384	0.981773995	1.001095605
1.216614141	1.058757317	0.982705423	1.000983001
1.218458789	1.055174625	0.983645195	1.000875909
1.220316277	1.051609032	0.984593516	1.000774428
1.222186789	1.048060266	0.985550598	1.000678657
1.224070516	1.04452806	0.986516654	1.000588699
1.22596765	1.041012148	0.987491906	1.000504659
1.227878391	1.037512268	0.988476579	1.000426646
1.229802941	1.034028162	0.989470904	1.000354769
1.231741507	1.030559577	0.990475116	1.000289143
1.233694303	1.027106258	0.991489459	1.000229883
1.235661546	1.023667958	0.992514179	1.000177108
1.23764346	1.02024443	0.993549533	1.000130943
1.239640272	1.01683543	0.994595779	1.000091511
1.241652217	1.013440718	0.995653185	1.000058942
1.243679535	1.010060054	0.996722026	1.000033369
1.245722471	1.006693203	0.997802582	1.000014927
1.247781279	1.003339928	0.998895141	1.000003756
1.249856218	1	1	1
