0.934984955	1.340154917	0.470990349	1.25329952
0.935194493	1.341194118	0.472447525	1.252584971
0.935404077	1.342209694	0.473899137	1.251875053
0.935613709	1.34320181	0.475345258	1.251169694
0.935823387	1.344170623	0.476785958	1.250468824
0.936033113	1.345116288	0.478221304	1.249772374
0.936242885	1.346038951	0.479651364	1.249080279
0.936452705	1.346938758	0.481076202	1.248392473
0.936662571	1.347815847	0.482495881	1.247708893
0.936872485	1.348670351	0.483910461	1.247029477
0.937082445	1.349502402	0.485320002	1.246354166
0.937292453	1.350312124	0.486724562	1.2456829
0.937502507	1.351099639	0.488124198	1.245015622
0.937712609	1.351865065	0.489518964	1.244352276
0.937922758	1.352608516	0.490908914	1.243692807
0.938132954	1.3533301	0.4922941	1.243037162
0.938343197	1.354029924	0.493674573	1.242385288
0.938553487	1.35470809	0.495050383	1.241737135
0.938763824	1.355364698	0.496421577	1.241092652
0.938974209	1.355999842	0.497788203	1.240451791
0.93918464	1.356613616	0.499150306	1.239814503
0.939395119	1.357206108	0.500507932	1.239180742
0.939605645	1.357777404	0.501861124	1.238550463
0.939816218	1.358327586	0.503209925	1.23792362
0.940026838	1.358856735	0.504554376	1.23730017
0.940237506	1.359364928	0.505894518	1.23668007
0.94044822	1.359852238	0.50723039	1.236063277
0.940658982	1.360318737	0.508562031	1.235449751
0.940869791	1.360764493	0.509889479	1.234839452
0.941080648	1.361189572	0.511212769	1.234232339
0.941291551	1.361594038	0.512531939	1.233628375
0.941502502	1.361977951	0.513847023	1.233027521
0.9417135	1.362341369	0.515158056	1.23242974
0.941924546	1.362684349	0.51646507	1.231834997
0.942135638	1.363006943	0.517768098	1.231243254
0.942346778	1.363309203	0.519067172	1.230654477
0.942557966	1.363591177	0.520362324	1.230068632
0.9427692	1.363852913	0.521653583	1.229485685
0.942980483	1.364094454	0.522940979	1.228905603
0.943191812	1.364315843	0.524224541	1.228328354
0.943403189	1.36451712	0.525504297	1.227753905
0.943614613	1.364698323	0.526780275	1.227182226
0.943826084	1.364859488	0.528052502	1.226613285
0.944037603	1.365000648	0.529321004	1.226047053
0.944249169	1.365121836	0.530585806	1.2254835
0.944460783	1.365223082	0.531846934	1.224922598
0.944672444	1.365304413	0.533104413	1.224364317
0.944884153	1.365365857	0.534358266	1.223808629
0.945095909	1.365407438	0.535608517	1.223255507
0.945307712	1.365429177	0.536855188	1.222704924
0.945519563	1.365431096	0.538098302	1.222156854
0.945731462	1.365413214	0.53933788	1.221611269
0.945943408	1.365375548	0.540573944	1.221068145
0.946155401	1.365318113	0.541806515	1.220527457
0.946367442	1.365240924	0.543035613	1.219989179
0.94657953	1.365143991	0.544261257	1.219453286
0.946791666	1.365027327	0.545483467	1.218919756
0.94700385	1.364890938	0.546702262	1.218388564
0.947216081	1.364734834	0.54791766	1.217859688
0.947428359	1.364559018	0.549129679	1.217333103
0.947640686	1.364363495	0.550338337	1.216808788
0.947853059	1.364148268	0.551543651	1.216286721
0.948065481	1.363913337	0.552745638	1.21576688
0.94827795	1.3636587	0.553944313	1.215249244
0.948490466	1.363384357	0.555139693	1.21473379
0.948703031	1.363090303	0.556331793	1.214220499
0.948915642	1.362776532	0.557520628	1.213709351
0.949128302	1.362443038	0.558706214	1.213200324
0.949341009	1.362089812	0.559888563	1.212693399
0.949553764	1.361716845	0.561067692	1.212188558
0.949766566	1.361324125	0.562243612	1.211685779
0.949979417	1.360911639	0.563416338	1.211185045
0.950192315	1.360479373	0.564585882	1.210686337
0.95040526	1.360027311	0.565752258	1.210189636
0.950618253	1.359555436	0.566915476	1.209694924
0.950831295	1.359063729	0.56807555	1.209202184
0.951044383	1.35855217	0.56923249	1.208711397
0.95125752	1.358020738	0.570386309	1.208222547
0.951470704	1.35746941	0.571537017	1.207735616
0.951683936	1.356898161	0.572684625	1.207250588
0.951897216	1.356306966	0.573829143	1.206767446
0.952110544	1.355695796	0.574970582	1.206286173
0.952323919	1.355064624	0.57610895	1.205806753
0.952537343	1.35441342	0.577244259	1.205329171
0.952750814	1.353742152	0.578376516	1.20485341
0.952964333	1.353050786	0.579505732	1.204379456
0.9531779	1.352339289	0.580631914	1.203907293
0.953391514	1.351607625	0.581755071	1.203436905
0.953605177	1.350855756	0.582875211	1.202968278
0.953818887	1.350083644	0.583992342	1.202501398
0.954032646	1.349291249	0.585106472	1.202036249
0.954246452	1.34847853	0.586217608	1.201572818
0.954460306	1.347645442	0.587325757	1.20111109
0.954674208	1.346791943	0.588430926	1.200651051
0.954888158	1.345917986	0.589533122	1.200192688
0.955102156	1.345023523	0.59063235	1.199735988
0.955316202	1.344108506	0.591728618	1.199280936
0.955530296	1.343172885	0.592821931	1.198827519
0.955744438	1.342216608	0.593912294	1.198375725
0.955958628	1.341239621	0.594999714	1.19792554
0.956172866	1.340241871	0.596084194	1.197476952
0.956387152	1.3392233	0.597165741	1.197029948
0.956601486	1.338183851	0.598244359	1.196584517
0.956815868	1.337123464	0.599320052	1.196140644
0.957030298	1.33604208	0.600392825	1.195698319
0.957244776	1.334939635	0.601462682	1.195257529
0.957459302	1.333816066	0.602529627	1.194818263
0.957673876	1.332671307	0.603593662	1.194380509
0.957888498	1.33150529	0.604654792	1.193944255
0.958103169	1.330317948	0.605713021	1.19350949
0.958317887	1.32910921	0.60676835	1.193076203
0.958532654	1.327879004	0.607820783	1.192644382
0.958747469	1.326627256	0.608870322	1.192214017
0.958962332	1.325353892	0.609916969	1.191785096
0.959177243	1.324058833	0.610960728	1.191357609
0.959392202	1.322742002	0.612001599	1.190931546
0.959607209	1.321403318	0.613039585	1.190506894
0.959822265	1.3200427	0.614074687	1.190083645
0.960037369	1.318660062	0.615106907	1.189661788
0.96025252	1.317255319	0.616136245	1.189241313
0.960467721	1.315828385	0.617162703	1.18882221
0.960682969	1.314379169	0.618186282	1.188404468
0.960898266	1.312907581	0.619206981	1.187988078
0.961113611	1.311413527	0.620224802	1.18757303
0.961329004	1.309896912	0.621239745	1.187159315
0.961544445	1.30835764	0.622251809	1.186746923
0.961759935	1.306795612	0.623260995	1.186335844
0.961975473	1.305210726	0.624267303	1.185926069
0.962191059	1.303602881	0.625270731	1.18551759
0.962406694	1.30197197	0.626271278	1.185110396
0.962622377	1.300317888	0.627268945	1.184704479
0.962838108	1.298640525	0.62826373	1.18429983
0.963053888	1.296939769	0.629255631	1.18389644
0.963269716	1.295215508	0.630244648	1.183494301
0.963485592	1.293467625	0.631230778	1.183093403
0.963701517	1.291696003	0.63221402	1.182693737
0.96391749	1.289900522	0.633194371	1.182295297
0.964133512	1.288081059	0.634171829	1.181898072
0.964349581	1.286237489	0.635146393	1.181502055
0.9645657	1.284369685	0.636118059	1.181107238
0.964781867	1.282477517	0.637086824	1.180713612
0.964998082	1.280560853	0.638052686	1.180321169
0.965214346	1.278619558	0.639015642	1.179929901
0.965430658	1.276653495	0.639975688	1.1795398
0.965647018	1.274662524	0.64093282	1.179150859
0.965863428	1.272646501	0.641887036	1.178763069
0.966079885	1.270605282	0.64283833	1.178376423
0.966296391	1.268538718	0.6437867	1.177990914
0.966512946	1.266446659	0.64473214	1.177606533
0.966729549	1.264328949	0.645674646	1.177223273
0.966946201	1.262185432	0.646614215	1.176841127
0.967162901	1.260015949	0.64755084	1.176460087
0.96737965	1.257820335	0.648484516	1.176080146
0.967596448	1.255598424	0.64941524	1.175701297
0.967813294	1.253350047	0.650343004	1.175323532
0.968030188	1.251075031	0.651267804	1.174946845
0.968247131	1.248773199	0.652189635	1.174571229
0.968464123	1.246444372	0.653108488	1.174196675
0.968681164	1.244088367	0.65402436	1.173823179
0.968898253	1.241704997	0.654937243	1.173450731
0.969115391	1.239294071	0.655847131	1.173079327
0.969332577	1.236855396	0.656754017	1.172708959
0.969549812	1.234388772	0.657657893	1.17233962
0.969767096	1.231893997	0.658558754	1.171971304
0.969984428	1.229370866	0.659456591	1.171604003
0.97020181	1.226819168	0.660351398	1.171237713
0.970419239	1.224238689	0.661243165	1.170872425
0.970636718	1.221629209	0.662131886	1.170508134
0.970854245	1.218990505	0.663017551	1.170144834
0.971071822	1.216322349	0.663900154	1.169782517
0.971289446	1.213624508	0.664779684	1.169421178
0.97150712	1.210896745	0.665656133	1.16906081
0.971724842	1.208138818	0.666529493	1.168701408
0.971942614	1.205350478	0.667399753	1.168342965
0.972160434	1.202531474	0.668266905	1.167985474
0.972378303	1.199681546	0.669130938	1.167628931
0.97259622	1.196800431	0.669991843	1.167273329
0.972814187	1.193887861	0.67084961	1.166918661
0.973032202	1.190943559	0.671704228	1.166564923
0.973250266	1.187967246	0.672555686	1.166212108
0.973468379	1.184958634	0.673403973	1.16586021
0.973686541	1.181917429	0.674249079	1.165509224
0.973904752	1.178843332	0.675090993	1.165159143
0.974123012	1.175736035	0.675929701	1.164809963
0.974341321	1.172595226	0.676765194	1.164461677
0.974559678	1.169420583	0.677597457	1.16411428
0.974778085	1.16621178	0.67842648	1.163767766
0.97499654	1.162968481	0.679252249	1.16342213
0.975215045	1.159690342	0.680074752	1.163077366
0.975433598	1.156377013	0.680893975	1.162733468
0.9756522	1.153028134	0.681709905	1.162390432
0.975870852	1.149643338	0.682522528	1.162048252
0.976089552	1.146222247	0.68333183	1.161706922
0.976308302	1.142764478	0.684137796	1.161366436
0.9765271	1.139269634	0.684940413	1.161026791
0.976745947	1.135737311	0.685739665	1.16068798
0.976964844	1.132167095	0.686535537	1.160349998
0.977183789	1.12855856	0.687328014	1.160012841
0.977402784	1.124911272	0.688117079	1.159676501
0.977621828	1.121224785	0.688902716	1.159340976
0.977840921	1.117498639	0.689684909	1.159006259
0.978060062	1.113732367	0.690463641	1.158672345
0.978279253	1.109925486	0.691238896	1.15833923
0.978498494	1.106077501	0.692010654	1.158006907
0.978717783	1.102187905	0.692778899	1.157675373
0.978937121	1.098256178	0.693543612	1.157344622
0.979156509	1.094281783	0.694304774	1.15701465
0.979375945	1.09026417	0.695062367	1.15668545
0.979595431	1.086202777	0.695816371	1.156357019
0.979814966	1.08209702	0.696566766	1.156029351
0.980034551	1.077946304	0.697313532	1.155702442
0.980254184	1.073750015	0.698056649	1.155376286
0.980473867	1.06950752	0.698796094	1.155050879
0.980693599	1.06521817	0.699531847	1.154726216
0.98091338	1.060881295	0.700263887	1.154402293
0.981133211	1.056496206	0.700992189	1.154079103
0.98135309	1.052062195	0.701716731	1.153756644
0.981573019	1.047578528	0.702437491	1.153434909
0.981792998	1.043044452	0.703154444	1.153113894
0.982013025	1.038459191	0.703867565	1.152793595
0.982233102	1.033821941	0.70457683	1.152474007
0.982453228	1.029131876	0.705282213	1.152155125
0.982673404	1.02438814	0.705983688	1.151836944
0.982893629	1.019589851	0.706681228	1.15151946
0.983113903	1.014736098	0.707374807	1.151202669
0.983334226	1.009825939	0.708064395	1.150886565
0.983554599	1.004858398	0.708749966	1.150571143
0.983775022	0.999832468	0.709431489	1.150256401
0.983995494	0.994747106	0.710108935	1.149942332
0.984216015	0.989601232	0.710782273	1.149628932
0.984436585	0.984393725	0.711451473	1.149316197
0.984657205	0.979123426	0.712116501	1.149004122
0.984877875	0.973789132	0.712777325	1.148692703
0.985098594	0.968389594	0.713433912	1.148381935
0.985319362	0.962923517	0.714086228	1.148071813
0.98554018	0.957389554	0.714734236	1.147762334
0.985761047	0.951786308	0.715377901	1.147453492
0.985981964	0.946112322	0.716017186	1.147145283
0.986202931	0.940366083	0.716652053	1.146837702
0.986423946	0.934546013	0.717282462	1.146530746
0.986645012	0.928650472	0.717908374	1.146224409
0.986866127	0.922677745	0.718529747	1.145918687
0.987087291	0.916626047	0.71914654	1.145613576
0.987308505	0.910493511	0.719758709	1.145309071
0.987529769	0.904278187	0.720366208	1.145005167
0.987751082	0.897978039	0.720968993	1.144701861
0.987972445	0.89159093	0.721567015	1.144399147
0.988193858	0.885114628	0.722160227	1.144097022
0.98841532	0.878546789	0.722748578	1.143795479
0.988636831	0.871884954	0.723332016	1.143494517
0.988858393	0.865126542	0.723910488	1.143194128
0.989080004	0.858268838	0.72448394	1.14289431
0.989301664	0.851308986	0.725052314	1.142595057
0.989523375	0.844243976	0.725615551	1.142296366
0.989745135	0.837070635	0.726173592	1.141998231
0.989966944	0.829785612	0.726726373	1.141700647
0.990188804	0.822385365	0.72727383	1.141403611
0.990410713	0.814866145	0.727815896	1.141107118
0.990632672	0.807223981	0.7283525	1.140811163
0.99085468	0.799454655	0.728883572	1.140515742
0.991076739	0.791553686	0.729409035	1.140220849
0.991298847	0.783516306	0.729928812	1.139926481
0.991521005	0.775337432	0.730442822	1.139632632
0.991743212	0.767011635	0.730950981	1.139339297
0.99196547	0.758533109	0.731453201	1.139046473
0.992187777	0.749895633	0.73194939	1.138754154
0.992410134	0.741092526	0.732439452	1.138462336
0.992632541	0.732116603	0.732923287	1.138171013
0.992854998	0.722960113	0.733400791	1.13788018
0.993077505	0.713614683	0.733871853	1.137589834
0.993300061	0.704071241	0.734336358	1.137299968
0.993522668	0.694319933	0.734794184	1.137010578
0.993745324	0.684350027	0.735245204	1.136721659
0.99396803	0.674149799	0.735689283	1.136433205
0.994190786	0.6637064	0.736126276	1.136145211
0.994413592	0.653005702	0.736556034	1.135857672
0.994636448	0.642032111	0.736978396	1.135570584
0.994859354	0.630768347	0.737393189	1.135283939
0.99508231	0.619195179	0.737800232	1.134997733
0.995305316	0.607291106	0.73819933	1.134711961
0.995528372	0.595031962	0.738590271	1.134426616
0.995751477	0.582390436	0.738972829	1.134141692
0.995974633	0.569335472	0.739346761	1.133857185
0.996197839	0.55583151	0.739711799	1.133573087
0.996421095	0.541837528	0.740067654	1.133289393
0.996644401	0.527305795	0.740414008	1.133006096
0.996867757	0.512180241	0.740750509	1.132723189
0.997091162	0.496394283	0.741076768	1.132440667
0.997314618	0.479867866	0.741392348	1.132158521
0.997538125	0.462503342	0.741696756	1.131876745
0.997761681	0.444179585	0.741989432	1.131595331
0.997985287	0.424743325	0.742269727	1.131314272
0.998208943	0.403995896	0.74253688	1.131033559
0.99843265	0.381672076	0.742789985	1.130753182
0.998656407	0.357404342	0.743027938	1.130473134
0.998880213	0.330658118	0.74324935	1.130193404
0.99910407	0.300602862	0.743452406	1.129913981
0.999327978	0.265819276	0.743634598	1.129634852
0.999551935	0.223484833	0.743792131	1.129356003
0.999775942	0.166094448	0.743918258	1.129077418
1.000000000	0.002539339	0.743992781	1.128799073
1.000595705	0.06847532	0.74410762	1.128057766
1.00119293	0.089774004	0.744251689	1.127319132
1.001791661	0.105907724	0.744416084	1.126580508
1.002391968	0.11934836	0.744609624	1.125841964
1.002993849	0.13107722	0.744823107	1.125103494
1.003597338	0.141601185	0.745056039	1.124365127
1.004202448	0.15122101	0.745306026	1.123626871
1.004809199	0.160132255	0.745571915	1.122888744
1.00541761	0.168470224	0.745852571	1.122150756
1.006027697	0.176333045	0.746147137	1.121412922
1.006639479	0.183794478	0.746454876	1.120675253
1.00725297	0.190911587	0.74677517	1.11993776
1.007868188	0.19772956	0.747107485	1.119200454
1.008485149	0.204284887	0.74745136	1.118463345
1.009103869	0.210607523	0.747806386	1.117726445
1.009724364	0.216722406	0.748172204	1.116989763
1.01034665	0.222650554	0.748548495	1.11625331
1.010970741	0.228409872	0.74893497	1.115517093
1.011596654	0.234015757	0.749331374	1.114781125
1.012224405	0.23948156	0.74973747	1.114045412
1.012854008	0.244818949	0.750153047	1.113309966
1.013485479	0.250038185	0.750577914	1.112574794
1.014118833	0.255148354	0.751011893	1.111839907
1.014754087	0.260157541	0.751454824	1.111105312
1.015391255	0.26507298	0.75190656	1.110371019
1.016030352	0.269901173	0.752366965	1.109637036
1.016671395	0.27464799	0.752835913	1.108903373
1.017314399	0.279318752	0.753313292	1.108170038
1.01795938	0.283918301	0.753798994	1.107437039
1.018606352	0.288451057	0.754292923	1.106704385
1.019255332	0.292921067	0.754794988	1.105972085
1.019906336	0.29733205	0.755305107	1.105240147
1.020559379	0.301687435	0.755823204	1.104508581
1.021214477	0.305990385	0.756349209	1.103777393
1.021871646	0.310243834	0.756883057	1.103046594
1.022530902	0.314450504	0.757424686	1.102316191
1.023192262	0.318612928	0.757974047	1.101586194
1.023855742	0.322733469	0.758531087	1.10085661
1.024521358	0.326814333	0.759095761	1.100127448
1.025189126	0.330857588	0.759668028	1.099398718
1.025859063	0.334865173	0.760247851	1.098670427
1.026531186	0.338838909	0.760835196	1.097942584
1.027205512	0.342780514	0.761430033	1.097215198
1.027882057	0.346691602	0.762032334	1.096488278
1.028560839	0.350573704	0.762642077	1.095761833
1.029241875	0.354428262	0.763259241	1.095035871
1.029925182	0.358256646	0.763883808	1.094310401
1.030610777	0.362060155	0.764515764	1.093585433
1.031298679	0.365840022	0.765155096	1.092860975
1.031988905	0.36959742	0.765801796	1.092137036
1.032681473	0.373333467	0.766455856	1.091413626
1.033376402	0.377049229	0.767117272	1.090690753
1.034073708	0.380745725	0.767786042	1.089968428
1.034773412	0.384423927	0.768462167	1.089246658
1.035475531	0.388084765	0.769145649	1.088525455
1.036180084	0.391729134	0.769836493	1.087804826
1.036887091	0.395357888	0.770534706	1.087084783
1.03759657	0.398971851	0.771240298	1.086365333
1.038308541	0.402571812	0.771953279	1.085646488
1.039023023	0.406158534	0.772673663	1.084928258
1.039740036	0.409732747	0.773401465	1.084210651
1.0404596	0.413295161	0.774136703	1.083493678
1.041181735	0.416846456	0.774879396	1.08277735
1.041906461	0.420387294	0.775629564	1.082061676
1.0426338	0.423918311	0.776387232	1.081346668
1.043363771	0.427440126	0.777152423	1.080632334
1.044096397	0.430953337	0.777925166	1.079918687
1.044831697	0.434458523	0.778705488	1.079205736
1.045569695	0.437956251	0.779493421	1.078493494
1.04631041	0.441447067	0.780288996	1.07778197
1.047053867	0.444931504	0.781092249	1.077071175
1.047800085	0.448410082	0.781903214	1.076361122
1.04854909	0.451883306	0.782721932	1.075651821
1.049300902	0.455351669	0.78354844	1.074943285
1.050055545	0.458815653	0.784382781	1.074235524
1.050813042	0.462275728	0.785224999	1.073528551
1.051573418	0.465732355	0.786075139	1.072822377
1.052336696	0.469185985	0.786933248	1.072117016
1.0531029	0.472637057	0.787799376	1.071412478
1.053872054	0.476086004	0.788673573	1.070708778
1.054644184	0.479533251	0.789555892	1.070005926
1.055419315	0.482979215	0.790446389	1.069303938
1.056197472	0.486424304	0.79134512	1.068602824
1.056978681	0.489868922	0.792252144	1.0679026
1.057762968	0.493313466	0.793167523	1.067203277
1.05855036	0.496758325	0.794091317	1.066504871
1.059340883	0.500203887	0.795023594	1.065807394
1.060134565	0.50365053	0.795964419	1.065110861
1.060931434	0.50709863	0.796913861	1.064415287
1.061731516	0.510548559	0.797871991	1.063720685
1.062534842	0.514000684	0.798838884	1.063027071
1.063341439	0.517455368	0.799814613	1.062334459
1.064151336	0.520912971	0.800799257	1.061642865
1.064964564	0.524373851	0.801792896	1.060952305
1.065781152	0.527838362	0.802795612	1.060262793
1.06660113	0.531306857	0.803807489	1.059574347
1.06742453	0.534779683	0.804828614	1.058886982
1.068251384	0.538257189	0.805859076	1.058200716
1.069081722	0.541739721	0.806898967	1.057515564
1.069915577	0.545227624	0.807948382	1.056831544
1.070752982	0.54872124	0.809007417	1.056148675
1.071593971	0.552220913	0.810076171	1.055466972
1.072438576	0.555726984	0.811154747	1.054786456
1.073286833	0.559239795	0.812243249	1.054107143
1.074138777	0.562759686	0.813341786	1.053429053
1.074994442	0.566286999	0.814450467	1.052752205
1.075853866	0.569822076	0.815569406	1.052076619
1.076717084	0.573365258	0.816698719	1.051402313
1.077584134	0.576916887	0.817838526	1.05072931
1.078455053	0.580477309	0.818988949	1.050057629
1.07932988	0.584046867	0.820150114	1.049387291
1.080208655	0.587625907	0.82132215	1.048718317
1.081091417	0.591214779	0.822505189	1.04805073
1.081978206	0.594813831	0.823699368	1.047384553
1.082869064	0.598423415	0.824904825	1.046719806
1.083764033	0.602043885	0.826121704	1.046056515
1.084663155	0.605675596	0.827350152	1.045394703
1.085566473	0.60931891	0.828590319	1.044734393
1.086474032	0.612974187	0.829842359	1.04407561
1.087385877	0.616641795	0.831106433	1.04341838
1.088302054	0.620322099	0.832382701	1.042762729
1.089222608	0.624015475	0.833671331	1.042108682
1.090147589	0.627722298	0.834972494	1.041456267
1.091077043	0.631442949	0.836286367	1.040805511
1.092011021	0.635177812	0.83761313	1.040156442
1.092949572	0.638927279	0.838952969	1.039509089
1.093892749	0.642691743	0.840306071	1.038863481
1.094840602	0.646471605	0.841672638	1.038219648
1.095793186	0.650267271	0.843052866	1.037577621
1.096750555	0.654079152	0.844446963	1.03693743
1.097712764	0.657907664	0.845855141	1.036299109
1.09867987	0.661753233	0.847277616	1.03566269
1.099651931	0.665616288	0.848714612	1.035028207
1.100629004	0.669497267	0.85016636	1.034395693
1.101611152	0.673396617	0.851633094	1.033765185
1.102598434	0.677314787	0.853115058	1.033136718
1.103590914	0.681252239	0.854612501	1.03251033
1.104588656	0.685209442	0.856125678	1.031886057
1.105591725	0.689186873	0.857654854	1.03126394
1.106600189	0.693185019	0.8592003	1.030644017
1.107614115	0.697204378	0.860762295	1.03002633
1.108633573	0.701245454	0.862341124	1.029410921
1.109658636	0.705308765	0.863937084	1.028797831
1.110689376	0.709394837	0.865550478	1.028187107
1.111725869	0.713504211	0.867181619	1.027578792
1.11276819	0.717637436	0.868830828	1.026972932
1.113816418	0.721795076	0.870498437	1.026369577
1.114870634	0.725977705	0.872184788	1.025768774
1.115930921	0.730185914	0.873890231	1.025170574
1.116997361	0.734420304	0.87561513	1.024575028
1.118070042	0.738681495	0.877359859	1.02398219
1.119149052	0.742970118	0.879124801	1.023392115
1.120234482	0.747286821	0.880910355	1.022804857
1.121326426	0.751632269	0.882716929	1.022220476
1.122424978	0.756007146	0.884544947	1.02163903
1.123530236	0.76041215	0.886394844	1.02106058
1.124642303	0.764848001	0.88826707	1.02048519
1.125761279	0.769315437	0.890162091	1.019912924
1.126887273	0.773815216	0.892080386	1.01934385
1.128020393	0.77834812	0.894022452	1.018778035
1.129160751	0.782914949	0.8959888	1.018215552
1.130308462	0.787516531	0.89797996	1.017656472
1.131463645	0.792153715	0.899996481	1.017100872
1.132626421	0.796827377	0.90203893	1.01654883
1.133796918	0.801538418	0.904107891	1.016000425
1.134975262	0.80628777	0.906203974	1.015455741
1.136161589	0.81107639	0.908327806	1.014914863
1.137356034	0.81590527	0.910480038	1.01437788
1.13855874	0.82077543	0.912661346	1.013844884
1.139769852	0.825687926	0.914872428	1.013315969
1.140989521	0.83064385	0.91711401	1.012791234
1.142217901	0.835644328	0.919386844	1.012270779
1.143455154	0.840690527	0.921691712	1.011754709
1.144701444	0.845783654	0.924029425	1.011243134
1.145956942	0.85092496	0.926400824	1.010736165
1.147221826	0.856115738	0.928806786	1.01023392
1.148496278	0.861357332	0.931248221	1.00973652
1.149780488	0.866651134	0.933726075	1.00924409
1.151074651	0.871998587	0.936241333	1.008756761
1.152378971	0.877401193	0.938795023	1.008274668
1.153693658	0.882860511	0.941388213	1.007797952
1.155018929	0.888378161	0.944022016	1.00732676
1.156355012	0.893955828	0.946697594	1.006861243
1.157702141	0.899595266	0.949416161	1.00640156
1.159060561	0.905298301	0.952178981	1.005947876
1.160430524	0.911066837	0.954987377	1.005500364
1.161812294	0.916902859	0.957842731	1.005059202
1.163206147	0.92280844	0.960746489	1.004624577
1.164612367	0.928785743	0.963700165	1.004196685
1.166031252	0.934837029	0.966705342	1.00377573
1.167463113	0.940964662	0.969763682	1.003361924
1.168908274	0.947171119	0.972876928	1.002955492
1.170367073	0.95345899	0.976046908	1.002556666
1.171839863	0.959830993	0.979275544	1.002165691
1.173327014	0.966289978	0.982564854	1.001782823
1.174828913	0.97283894	0.985916963	1.001408331
1.176345965	0.979481025	0.989334109	1.001042499
1.177878595	0.986219542	0.99281865	1.000685622
1.179427249	0.993057969	0.996373076	1.000338013
1.180992394	1	1	1
