0.966094958	4.402779101	0.572730405	1.260445829
0.966206044	4.407563922	0.574297398	1.260023841
0.966317142	4.412300449	0.575859521	1.259604019
0.966428252	4.416989014	0.577416834	1.259186331
0.966539376	4.421629936	0.578969393	1.25877075
0.966650512	4.426223528	0.580517256	1.258357247
0.966761661	4.430770092	0.582060476	1.257945793
0.966872823	4.43526992	0.583599106	1.257536362
0.966983998	4.439723296	0.585133199	1.257128928
0.967095186	4.444130496	0.586662806	1.256723463
0.967206386	4.448491787	0.588187976	1.256319944
0.967317599	4.452807427	0.589708758	1.255918344
0.967428825	4.457077669	0.5912252	1.25551864
0.967540063	4.461302754	0.592737347	1.255120807
0.967651315	4.465482918	0.594245245	1.254724822
0.967762579	4.469618391	0.595748939	1.254330662
0.967873856	4.473709391	0.597248472	1.253938305
0.967985146	4.477756134	0.598743886	1.253547729
0.968096448	4.481758827	0.600235223	1.253158912
0.968207764	4.485717668	0.601722523	1.252771833
0.968319092	4.489632853	0.603205826	1.252386472
0.968430433	4.493504568	0.604685171	1.252002807
0.968541787	4.497332994	0.606160596	1.251620819
0.968653153	4.501118306	0.607632139	1.251240489
0.968764533	4.504860672	0.609099834	1.250861797
0.968875925	4.508560256	0.610563719	1.250484725
0.96898733	4.512217213	0.612023828	1.250109254
0.969098748	4.515831695	0.613480195	1.249735366
0.969210178	4.519403847	0.614932854	1.249363043
0.969321622	4.522933811	0.616381837	1.248992268
0.969433078	4.52642172	0.617827176	1.248623023
0.969544547	4.529867704	0.619268904	1.248255292
0.969656029	4.533271887	0.62070705	1.247889058
0.969767524	4.536634389	0.622141645	1.247524305
0.969879031	4.539955323	0.623572718	1.247161018
0.969990551	4.543234798	0.625000299	1.24679918
0.970102085	4.546472919	0.626424415	1.246438775
0.970213631	4.549669785	0.627845094	1.24607979
0.970325189	4.552825491	0.629262364	1.245722209
0.970436761	4.555940128	0.630676251	1.245366017
0.970548346	4.559013781	0.632086781	1.2450112
0.970659943	4.56204653	0.633493981	1.244657744
0.970771553	4.565038454	0.634897874	1.244305635
0.970883176	4.567989623	0.636298486	1.24395486
0.970994812	4.570900106	0.637695841	1.243605404
0.971106461	4.573769967	0.639089962	1.243257256
0.971218122	4.576599265	0.640480872	1.242910401
0.971329796	4.579388054	0.641868595	1.242564826
0.971441483	4.582136388	0.643253152	1.242220521
0.971553183	4.584844311	0.644634566	1.241877471
0.971664896	4.587511868	0.646012857	1.241535665
0.971776622	4.590139097	0.647388047	1.241195091
0.971888361	4.592726034	0.648760156	1.240855737
0.972000112	4.595272709	0.650129204	1.240517591
0.972111876	4.59777915	0.651495211	1.240180643
0.972223653	4.60024538	0.652858197	1.23984488
0.972335443	4.602671419	0.654218181	1.239510291
0.972447246	4.605057282	0.65557518	1.239176867
0.972559062	4.607402981	0.656929214	1.238844595
0.97267089	4.609708525	0.658280299	1.238513465
0.972782732	4.611973917	0.659628455	1.238183467
0.972894586	4.61419916	0.660973698	1.237854591
0.973006453	4.616384249	0.662316044	1.237526827
0.973118333	4.618529179	0.66365551	1.237200163
0.973230226	4.620633938	0.664992113	1.236874592
0.973342131	4.622698514	0.666325869	1.236550102
0.97345405	4.624722888	0.667656792	1.236226684
0.973565981	4.62670704	0.668984898	1.23590433
0.973677926	4.628650945	0.670310203	1.235583029
0.973789883	4.630554575	0.67163272	1.235262772
0.973901853	4.632417898	0.672952464	1.234943551
0.974013836	4.634240878	0.67426945	1.234625357
0.974125832	4.636023477	0.67558369	1.23430818
0.97423784	4.637765652	0.676895199	1.233992012
0.974349862	4.639467357	0.678203989	1.233676844
0.974461896	4.641128543	0.679510074	1.233362669
0.974573943	4.642749156	0.680813466	1.233049477
0.974686004	4.644329139	0.682114178	1.232737261
0.974798077	4.645868432	0.683412222	1.232426013
0.974910163	4.647366971	0.684707609	1.232115723
0.975022262	4.648824689	0.686000352	1.231806386
0.975134373	4.650241515	0.687290461	1.231497992
0.975246498	4.651617374	0.688577949	1.231190534
0.975358635	4.652952188	0.689862825	1.230884005
0.975470786	4.654245875	0.691145101	1.230578396
0.975582949	4.655498349	0.692424786	1.230273702
0.975695125	4.656709521	0.693701892	1.229969914
0.975807314	4.657879299	0.694976428	1.229667025
0.975919516	4.659007586	0.696248405	1.229365028
0.976031731	4.660094282	0.69751783	1.229063916
0.976143959	4.661139283	0.698784715	1.228763682
0.9762562	4.662142481	0.700049067	1.228464319
0.976368454	4.663103766	0.701310897	1.228165821
0.97648072	4.66402302	0.702570211	1.227868181
0.976592999	4.664900127	0.70382702	1.227571392
0.976705292	4.665734963	0.705081332	1.227275447
0.976817597	4.666527401	0.706333153	1.226980341
0.976929915	4.66727731	0.707582493	1.226686067
0.977042246	4.667984557	0.708829359	1.226392619
0.97715459	4.668649002	0.710073758	1.22609999
0.977266947	4.669270503	0.711315698	1.225808174
0.977379317	4.669848913	0.712555186	1.225517165
0.9774917	4.670384082	0.713792228	1.225226958
0.977604096	4.670875856	0.715026832	1.224937546
0.977716504	4.671324074	0.716259004	1.224648924
0.977828926	4.671728574	0.71748875	1.224361085
0.97794136	4.672089188	0.718716077	1.224074024
0.978053808	4.672405745	0.71994099	1.223787735
0.978166268	4.672678069	0.721163495	1.223502214
0.978278741	4.672905979	0.722383598	1.223217453
0.978391227	4.67308929	0.723601305	1.222933448
0.978503726	4.673227813	0.72481662	1.222650193
0.978616238	4.673321353	0.726029548	1.222367683
0.978728763	4.673369713	0.727240095	1.222085913
0.978841301	4.673372688	0.728448266	1.221804878
0.978953852	4.673330071	0.729654064	1.221524572
0.979066416	4.673241649	0.730857495	1.221244989
0.979178993	4.673107203	0.732058563	1.220966126
0.979291583	4.672926511	0.733257271	1.220687977
0.979404185	4.672699345	0.734453623	1.220410538
0.979516801	4.672425472	0.735647624	1.220133802
0.979629429	4.672104654	0.736839277	1.219857766
0.979742071	4.671736648	0.738028585	1.219582424
0.979854725	4.671321204	0.739215552	1.219307773
0.979967393	4.670858068	0.740400181	1.219033806
0.980080073	4.670346982	0.741582474	1.21876052
0.980192766	4.669787678	0.742762434	1.21848791
0.980305473	4.669179887	0.743940064	1.218215972
0.980418192	4.668523331	0.745115367	1.2179447
0.980530924	4.667817727	0.746288345	1.21767409
0.980643669	4.667062786	0.747458999	1.217404139
0.980756427	4.666258214	0.748627332	1.217134841
0.980869198	4.665403709	0.749793346	1.216866192
0.980981982	4.664498963	0.750957042	1.216598189
0.981094779	4.663543662	0.752118422	1.216330826
0.981207589	4.662537487	0.753277488	1.2160641
0.981320412	4.661480108	0.754434239	1.215798006
0.981433248	4.660371192	0.755588678	1.21553254
0.981546097	4.659210398	0.756740805	1.215267699
0.981658959	4.657997376	0.757890621	1.215003477
0.981771834	4.656731772	0.759038127	1.214739872
0.981884722	4.655413222	0.760183323	1.214476879
0.981997622	4.654041355	0.761326208	1.214214495
0.982110536	4.652615794	0.762466785	1.213952714
0.982223463	4.651136151	0.763605051	1.213691535
0.982336403	4.649602032	0.764741007	1.213430952
0.982449355	4.648013035	0.765874653	1.213170961
0.982562321	4.646368748	0.767005988	1.21291156
0.9826753	4.644668752	0.768135011	1.212652745
0.982788292	4.642912617	0.769261721	1.212394511
0.982901296	4.641099908	0.770386118	1.212136856
0.983014314	4.639230176	0.7715082	1.211879774
0.983127345	4.637302966	0.772627967	1.211623264
0.983240388	4.635317812	0.773745415	1.211367322
0.983353445	4.633274238	0.774860544	1.211111943
0.983466515	4.631171759	0.775973352	1.210857124
0.983579598	4.629009877	0.777083837	1.210602863
0.983692693	4.626788088	0.778191997	1.210349155
0.983805802	4.624505873	0.779297829	1.210095997
0.983918924	4.622162704	0.78040133	1.209843386
0.984032058	4.61975804	0.781502499	1.209591318
0.984145206	4.61729133	0.782601332	1.20933979
0.984258367	4.61476201	0.783697826	1.209088799
0.984371541	4.612169505	0.784791979	1.208838342
0.984484727	4.609513224	0.785883786	1.208588415
0.984597927	4.606792568	0.786973244	1.208339015
0.98471114	4.604006921	0.788060349	1.208090139
0.984824366	4.601155655	0.789145098	1.207841784
0.984937604	4.598238128	0.790227486	1.207593947
0.985050856	4.595253682	0.79130751	1.207346624
0.985164121	4.592201646	0.792385164	1.207099813
0.985277399	4.589081333	0.793460444	1.20685351
0.98539069	4.58589204	0.794533345	1.206607712
0.985503994	4.58263305	0.795603862	1.206362417
0.985617311	4.579303628	0.79667199	1.206117622
0.985730641	4.575903021	0.797737723	1.205873323
0.985843984	4.572430462	0.798801056	1.205629517
0.98595734	4.568885161	0.799861983	1.205386203
0.986070709	4.565266313	0.800920498	1.205143376
0.986184091	4.561573093	0.801976594	1.204901033
0.986297486	4.557804656	0.803030266	1.204659173
0.986410895	4.553960137	0.804081506	1.204417793
0.986524316	4.550038651	0.805130307	1.204176888
0.98663775	4.54603929	0.806176663	1.203936457
0.986751197	4.541961124	0.807220566	1.203696498
0.986864658	4.537803201	0.808262009	1.203457006
0.986978131	4.533564545	0.809300983	1.20321798
0.987091618	4.529244156	0.810337481	1.202979416
0.987205117	4.524841008	0.811371495	1.202741313
0.98731863	4.52035405	0.812403015	1.202503666
0.987432155	4.515782203	0.813432033	1.202266475
0.987545694	4.511124359	0.81445854	1.202029736
0.987659246	4.506379385	0.815482527	1.201793446
0.987772811	4.501546115	0.816503984	1.201557603
0.987886388	4.496623353	0.817522902	1.201322204
0.987999979	4.491609872	0.818539269	1.201087247
0.988113583	4.486504412	0.819553077	1.20085273
0.9882272	4.481305677	0.820564314	1.200618649
0.98834083	4.476012338	0.821572968	1.200385002
0.988454474	4.470623027	0.82257903	1.200151786
0.98856813	4.465136341	0.823582487	1.199919
0.988681799	4.459550835	0.824583328	1.199686641
0.988795481	4.453865024	0.825581539	1.199454706
0.988909177	4.448077382	0.82657711	1.199223193
0.989022885	4.442186335	0.827570026	1.198992099
0.989136607	4.436190266	0.828560275	1.198761422
0.989250342	4.43008751	0.829547843	1.19853116
0.989364089	4.423876352	0.830532716	1.19830131
0.98947785	4.417555024	0.83151488	1.19807187
0.989591624	4.411121708	0.83249432	1.197842837
0.989705411	4.404574526	0.833471021	1.19761421
0.989819211	4.397911546	0.834444967	1.197385985
0.989933024	4.391130774	0.835416143	1.197158161
0.990046851	4.384230151	0.836384533	1.196930735
0.99016069	4.377207554	0.837350119	1.196703705
0.990274542	4.370060788	0.838312885	1.196477069
0.990388408	4.362787591	0.839272812	1.196250824
0.990502286	4.355385622	0.840229884	1.196024968
0.990616178	4.347852464	0.84118408	1.195799499
0.990730083	4.340185615	0.842135382	1.195574415
0.990844001	4.33238249	0.84308377	1.195349713
0.990957932	4.324440413	0.844029225	1.195125391
0.991071876	4.316356613	0.844971724	1.194901447
0.991185833	4.308128224	0.845911248	1.194677879
0.991299803	4.299752272	0.846847774	1.194454685
0.991413787	4.291225675	0.847781279	1.194231862
0.991527783	4.282545236	0.848711741	1.194009408
0.991641793	4.273707641	0.849639136	1.193787322
0.991755815	4.264709446	0.850563439	1.1935656
0.991869851	4.255547078	0.851484624	1.193344241
0.9919839	4.24621682	0.852402667	1.193123243
0.992097962	4.236714814	0.85331754	1.192902603
0.992212037	4.22703704	0.854229216	1.19268232
0.992326126	4.217179314	0.855137667	1.192462391
0.992440227	4.207137283	0.856042863	1.192242813
0.992554342	4.196906407	0.856944775	1.192023587
0.992668469	4.186481953	0.857843371	1.191804707
0.99278261	4.17585898	0.858738619	1.191586174
0.992896764	4.165032333	0.859630488	1.191367985
0.993010931	4.153996626	0.860518942	1.191150137
0.993125111	4.142746224	0.861403947	1.190932629
0.993239304	4.131275233	0.862285466	1.190715458
0.993353511	4.119577479	0.863163463	1.190498622
0.99346773	4.107646491	0.864037899	1.19028212
0.993581963	4.095475486	0.864908733	1.190065949
0.993696209	4.083057342	0.865775924	1.189850108
0.993810468	4.070384578	0.86663943	1.189634593
0.99392474	4.057449325	0.867499207	1.189419404
0.994039025	4.044243301	0.868355208	1.189204537
0.994153323	4.03075778	0.869207386	1.188989992
0.994267635	4.016983561	0.870055692	1.188775765
0.99438196	4.002910926	0.870900075	1.188561855
0.994496297	3.988529612	0.871740482	1.188348259
0.994610648	3.973828752	0.872576857	1.188134977
0.994725012	3.958796838	0.873409144	1.187922004
0.99483939	3.943421659	0.874237282	1.187709341
0.99495378	3.927690249	0.87506121	1.187496983
0.995068184	3.911588823	0.875880863	1.18728493
0.9951826	3.895102697	0.876696172	1.187073179
0.99529703	3.878216207	0.877507069	1.186861728
0.995411473	3.860912628	0.878313479	1.186650576
0.995525929	3.843174056	0.879115324	1.186439719
0.995640399	3.824981309	0.879912525	1.186229155
0.995754881	3.806313794	0.880704997	1.186018884
0.995869377	3.787149351	0.881492651	1.185808902
0.995983886	3.767464097	0.882275393	1.185599207
0.996098408	3.747232236	0.883053127	1.185389797
0.996212943	3.72642585	0.883825747	1.18518067
0.996327491	3.705014635	0.884593145	1.184971824
0.996442052	3.682965635	0.885355206	1.184763256
0.996556627	3.660242899	0.886111808	1.184554965
0.996671215	3.636807118	0.886862822	1.184346948
0.996785816	3.612615151	0.887608109	1.184139202
0.99690043	3.587619523	0.888347524	1.183931726
0.997015058	3.561767811	0.88908091	1.183724517
0.997129698	3.535001893	0.8898081	1.183517572
0.997244352	3.507257083	0.890528915	1.18331089
0.997359019	3.478461087	0.891243164	1.183104468
0.997473699	3.448532706	0.891950637	1.182898303
0.997588392	3.417380287	0.892651111	1.182692393
0.997703099	3.384899809	0.893344342	1.182486735
0.997817818	3.350972477	0.894030064	1.182281327
0.997932551	3.315461724	0.894707986	1.182076165
0.998047297	3.27820937	0.895377789	1.181871248
0.998162056	3.239030697	0.89603912	1.181666572
0.998276829	3.197707996	0.896691584	1.181462134
0.998391615	3.153981993	0.897334743	1.181257932
0.998506413	3.107540238	0.8979681	1.181053962
0.998621225	3.058001103	0.898591091	1.180850221
0.998736051	3.004891108	0.899203067	1.180646705
0.998850889	2.947611986	0.899803274	1.180443411
0.998965741	2.885391236	0.900390824	1.180240336
0.999080606	2.81720496	0.900964652	1.180037474
0.999195484	2.741651689	0.901523455	1.179834823
0.999310375	2.656733772	0.902065598	1.179632376
0.999425279	2.559449231	0.902588959	1.179430129
0.999540197	2.444950588	0.903090657	1.179228076
0.999655128	2.304551584	0.903566515	1.179026211
0.999770072	2.119870382	0.90400983	1.178824525
0.999885029	1.837252803	0.904407597	1.178623007
1.000000000	0.044004181	0.904459027	1.178548529
1.000503402	0.287904131	0.904559924	1.177667886
1.001007997	0.332518784	0.904960873	1.176787162
1.001513652	0.361809403	0.905247651	1.175906196
1.002020488	0.384223603	0.905587907	1.175025126
1.002528475	0.402615564	0.905934574	1.17414391
1.003037642	0.418346128	0.906298319	1.173262577
1.003547989	0.432169088	0.906673127	1.172381123
1.004059529	0.444552354	0.907058622	1.171499557
1.004572269	0.455806466	0.907453296	1.170617882
1.005086216	0.466149204	0.907856299	1.169736101
1.005601377	0.475739452	0.908266831	1.168854218
1.00611776	0.484696967	0.908684253	1.167972234
1.00663537	0.49311438	0.909108013	1.167090153
1.007154216	0.501064923	0.909537635	1.166207977
1.007674303	0.50860755	0.909972705	1.165325707
1.008195637	0.51579047	0.910412858	1.164443345
1.008718224	0.522653644	0.910857766	1.163560894
1.009242072	0.529230582	0.91130714	1.162678353
1.009767184	0.535549683	0.911760715	1.161795726
1.010293569	0.541635238	0.912218253	1.160913012
1.01082123	0.547508191	0.912679535	1.160030213
1.011350175	0.553186736	0.913144362	1.15914733
1.011880408	0.558686789	0.913612549	1.158264363
1.012411935	0.564022353	0.914083926	1.157381314
1.012944762	0.569205817	0.914558335	1.156498183
1.013478895	0.5742482	0.915035628	1.155614971
1.014014339	0.579159347	0.915515668	1.154731677
1.014551099	0.58394809	0.915998326	1.153848304
1.015089181	0.588622393	0.916483481	1.15296485
1.015628591	0.59318945	0.916971019	1.152081317
1.016169333	0.597655792	0.917460832	1.151197704
1.016711414	0.602027363	0.917952819	1.150314012
1.017254838	0.606309594	0.918446883	1.149430241
1.017799611	0.610507452	0.918942933	1.148546391
1.018345738	0.614625504	0.919440882	1.147662462
1.018893225	0.618667947	0.919940647	1.146778455
1.019442077	0.622638656	0.920442148	1.145894368
1.019992299	0.626541213	0.92094531	1.145010203
1.020543897	0.630378936	0.921450061	1.144125958
1.021096875	0.634154907	0.921956331	1.143241635
1.02165124	0.637871991	0.922464054	1.142357232
1.022206996	0.641532858	0.922973165	1.141472749
1.022764148	0.645140002	0.923483603	1.140588187
1.023322703	0.64869575	0.923995309	1.139703544
1.023882665	0.652202284	0.924508226	1.138818821
1.02444404	0.65566165	0.925022298	1.137934017
1.025006832	0.659075769	0.925537472	1.137049132
1.025571048	0.662446445	0.926053697	1.136164166
1.026136692	0.66577538	0.926570923	1.135279117
1.02670377	0.669064175	0.927089101	1.134393986
1.027272287	0.672314343	0.927608184	1.133508772
1.027842248	0.675527316	0.928128128	1.132623475
1.028413659	0.678704442	0.928648888	1.131738093
1.028986524	0.681847002	0.92917042	1.130852627
1.029560851	0.68495621	0.929692684	1.129967076
1.030136642	0.688033214	0.930215639	1.129081439
1.030713905	0.69107911	0.930739244	1.128195716
1.031292644	0.694094934	0.931263462	1.127309905
1.031872864	0.697081675	0.931788255	1.126424007
1.032454572	0.700040274	0.932313586	1.12553802
1.033037772	0.702971627	0.932839419	1.124651944
1.03362247	0.705876588	0.93336572	1.123765778
1.034208671	0.708755974	0.933892453	1.122879521
1.03479638	0.711610565	0.934419586	1.121993173
1.035385603	0.714441104	0.934947086	1.121106733
1.035976346	0.717248301	0.93547492	1.120220199
1.036568614	0.72003284	0.936003057	1.119333572
1.037162412	0.722795373	0.936531466	1.118446849
1.037757745	0.725536523	0.937060117	1.117560031
1.03835462	0.728256892	0.93758898	1.116673116
1.038953041	0.730957053	0.938118026	1.115786104
1.039553015	0.733637559	0.938647227	1.114898993
1.040154546	0.736298939	0.939176553	1.114011782
1.04075764	0.738941703	0.939705978	1.113124472
1.041362304	0.741566341	0.940235475	1.112237059
1.041968541	0.744173322	0.940765016	1.111349545
1.042576358	0.746763101	0.941294574	1.110461927
1.043185761	0.749336115	0.941824125	1.109574204
1.043796755	0.751892784	0.942353643	1.108686376
1.044409346	0.754433512	0.942883101	1.107798441
1.045023538	0.756958688	0.943412476	1.106910398
1.045639339	0.759468692	0.943941743	1.106022247
1.046256753	0.761963886	0.944470877	1.105133985
1.046875787	0.76444462	0.944999855	1.104245613
1.047496445	0.766911234	0.945528654	1.103357128
1.048118734	0.769364055	0.946057249	1.102468529
1.04874266	0.771803399	0.946585617	1.101579816
1.049368227	0.774229571	0.947113737	1.100690987
1.049995443	0.776642869	0.947641585	1.099802041
1.050624312	0.779043578	0.94816914	1.098912977
1.051254841	0.781431974	0.948696378	1.098023793
1.051887035	0.783808326	0.949223279	1.097134488
1.052520899	0.786172893	0.949749821	1.096245061
1.053156441	0.788525928	0.950275982	1.09535551
1.053793666	0.790867673	0.950801741	1.094465835
1.054432579	0.793198365	0.951327077	1.093576034
1.055073187	0.795518234	0.95185197	1.092686105
1.055715496	0.797827501	0.952376398	1.091796047
1.056359511	0.800126381	0.952900342	1.090905859
1.057005238	0.802415083	0.95342378	1.090015539
1.057652684	0.804693811	0.953946693	1.089125087
1.058301854	0.806962762	0.954469062	1.0882345
1.058952755	0.809222126	0.954990865	1.087343777
1.059605391	0.811472089	0.955512083	1.086452916
1.060259771	0.813712833	0.956032697	1.085561917
1.060915899	0.815944534	0.956552687	1.084670777
1.061573781	0.81816736	0.957072033	1.083779496
1.062233425	0.820381478	0.957590717	1.082888071
1.062894835	0.822587049	0.95810872	1.081996501
1.063558018	0.824784231	0.958626022	1.081104785
1.064222981	0.826973175	0.959142604	1.080212921
1.064889728	0.82915403	0.959658448	1.079320907
1.065558268	0.831326941	0.960173535	1.078428742
1.066228605	0.833492048	0.960687846	1.077536424
1.066900747	0.835649488	0.961201362	1.076643952
1.067574698	0.837799394	0.961714065	1.075751323
1.068250467	0.839941897	0.962225937	1.074858536
1.068928058	0.842077122	0.962736959	1.07396559
1.069607479	0.844205194	0.963247113	1.073072483
1.070288735	0.846326232	0.96375638	1.072179213
1.070971833	0.848440353	0.964264743	1.071285778
1.07165678	0.850547669	0.964772182	1.070392177
1.072343581	0.852648293	0.965278681	1.069498408
1.073032244	0.854742334	0.965784221	1.068604468
1.073722775	0.856829896	0.966288783	1.067710357
1.074415179	0.858911083	0.966792351	1.066816072
1.075109465	0.860985995	0.967294905	1.065921612
1.075805637	0.863054729	0.967796428	1.065026974
1.076503704	0.865117382	0.968296902	1.064132157
1.07720367	0.867174046	0.968796308	1.063237159
1.077905544	0.869224813	0.96929463	1.062341978
1.078609331	0.871269771	0.969791849	1.061446612
1.079315038	0.873309007	0.970287948	1.060551059
1.080022671	0.875342604	0.970782907	1.059655318
1.080732239	0.877370646	0.97127671	1.058759385
1.081443746	0.879393213	0.971769339	1.05786326
1.0821572	0.881410383	0.972260775	1.056966939
1.082872607	0.883422233	0.972751002	1.056070422
1.083589975	0.885428838	0.97324	1.055173705
1.084309309	0.88743027	0.973727751	1.054276788
1.085030618	0.889426602	0.974214239	1.053379667
1.085753907	0.891417902	0.974699445	1.052482341
1.086479183	0.893404239	0.975183351	1.051584807
1.087206454	0.895385679	0.975665939	1.050687064
1.087935725	0.897362286	0.97614719	1.049789108
1.088667005	0.899334124	0.976627088	1.048890939
1.089400299	0.901301254	0.977105613	1.047992553
1.090135616	0.903263737	0.977582748	1.047093949
1.090872961	0.905221632	0.978058474	1.046195123
1.091612341	0.907174995	0.978532773	1.045296075
1.092353764	0.909123883	0.979005626	1.044396801
1.093097237	0.911068351	0.979477016	1.043497299
1.093842766	0.913008451	0.979946924	1.042597567
1.094590359	0.914944237	0.980415332	1.041697602
1.095340023	0.916875759	0.98088222	1.040797402
1.096091765	0.918803066	0.98134757	1.039896964
1.096845591	0.920726207	0.981811364	1.038996287
1.097601509	0.922645229	0.982273583	1.038095366
1.098359526	0.924560179	0.982734208	1.037194201
1.09911965	0.926471101	0.98319322	1.036292788
1.099881886	0.928378038	0.9836506	1.035391125
1.100646244	0.930281035	0.984106329	1.034489209
1.101412728	0.932180131	0.984560388	1.033587038
1.102181348	0.934075369	0.985012757	1.032684608
1.102952109	0.935966787	0.985463418	1.031781918
1.10372502	0.937854425	0.98591235	1.030878964
1.104500087	0.939738319	0.986359534	1.029975743
1.105277318	0.941618508	0.986804951	1.029072254
1.10605672	0.943495026	0.98724858	1.028168492
1.1068383	0.945367908	0.987690403	1.027264456
1.107622066	0.947237187	0.988130397	1.026360142
1.108408024	0.949102897	0.988568545	1.025455548
1.109196183	0.950965068	0.989004824	1.02455067
1.109986549	0.952823733	0.989439216	1.023645506
1.110779129	0.954678921	0.989871699	1.022740052
1.111573932	0.956530662	0.990302252	1.021834305
1.112370964	0.958378984	0.990730855	1.020928263
1.113170233	0.960223915	0.991157487	1.020021922
1.113971746	0.962065481	0.991582127	1.019115279
1.11477551	0.963903709	0.992004753	1.018208331
1.115581533	0.965738622	0.992425344	1.017301075
1.116389823	0.967570247	0.992843878	1.016393506
1.117200386	0.969398606	0.993260334	1.015485623
1.118013229	0.971223721	0.993674689	1.014577422
1.118828362	0.973045614	0.994086921	1.013668899
1.119645789	0.974864307	0.994497009	1.012760051
1.12046552	0.976679821	0.994904929	1.011850874
1.121287562	0.978492174	0.995310658	1.010941365
1.122111921	0.980301386	0.995714175	1.01003152
1.122938605	0.982107474	0.996115455	1.009121336
1.123767622	0.983910457	0.996514475	1.008210809
1.124598979	0.98571035	0.996911212	1.007299935
1.125432683	0.987507168	0.997305642	1.006388711
1.126268742	0.989300929	0.99769774	1.005477132
1.127107162	0.991091644	0.998087483	1.004565195
1.127947952	0.992879329	0.998474847	1.003652897
1.128791119	0.994663991	0.998859805	1.002740232
1.129636669	0.996445646	0.999242334	1.001827197
1.130484611	0.998224315	0.999622407	1.000913787
1.131334951	1	1	1
