0.988712458	64.44558447	0.372495088	1.106003096
0.988734905	64.55613201	0.373175841	1.105955701
0.988757353	64.66684197	0.373856536	1.105908444
0.988779802	64.77771608	0.374537181	1.105861323
0.988802251	64.88875607	0.375217782	1.105814338
0.9888247	64.99996365	0.375898345	1.105767488
0.98884715	65.11134055	0.376578876	1.105720772
0.988869601	65.2228885	0.377259382	1.105674189
0.988892052	65.33460924	0.377939869	1.105627738
0.988914503	65.44650448	0.378620342	1.105581419
0.988936955	65.55857597	0.379300809	1.10553523
0.988959408	65.67082544	0.379981274	1.105489171
0.988981861	65.78325462	0.380661745	1.10544324
0.989004314	65.89586526	0.381342226	1.105397438
0.989026768	66.0086591	0.382022724	1.105351762
0.989049223	66.12163788	0.382703245	1.105306213
0.989071678	66.23480334	0.383383794	1.105260789
0.989094134	66.34815725	0.384064377	1.10521549
0.98911659	66.46170136	0.384745	1.105170315
0.989139046	66.57543741	0.385425669	1.105125263
0.989161503	66.68936718	0.386106389	1.105080333
0.989183961	66.80349242	0.386787166	1.105035525
0.989206419	66.91781492	0.387468006	1.104990838
0.989228878	67.03233643	0.388148914	1.104946271
0.989251337	67.14705874	0.388829896	1.104901823
0.989273797	67.26198363	0.389510957	1.104857494
0.989296257	67.37711288	0.390192103	1.104813282
0.989318718	67.49244828	0.390873338	1.104769188
0.989341179	67.60799164	0.39155467	1.10472521
0.989363641	67.72374475	0.392236103	1.104681348
0.989386103	67.83970941	0.392917642	1.104637601
0.989408566	67.95588744	0.393599292	1.104593969
0.989431029	68.07228066	0.39428106	1.10455045
0.989453493	68.18889088	0.39496295	1.104507044
0.989475957	68.30571994	0.395644968	1.10446375
0.989498422	68.42276966	0.396327119	1.104420569
0.989520887	68.5400419	0.397009407	1.104377498
0.989543353	68.6575385	0.397691839	1.104334537
0.989565819	68.7752613	0.39837442	1.104291687
0.989588286	68.89321217	0.399057154	1.104248945
0.989610753	69.01139298	0.399740047	1.104206312
0.989633221	69.1298056	0.400423103	1.104163787
0.989655689	69.24845191	0.401106329	1.10412137
0.989678158	69.36733379	0.401789728	1.104079058
0.989700628	69.48645315	0.402473307	1.104036853
0.989723098	69.60581189	0.403157069	1.103994754
0.989745568	69.72541192	0.403841021	1.103952759
0.989768039	69.84525514	0.404525167	1.103910869
0.98979051	69.96534351	0.405209512	1.103869082
0.989812982	70.08567894	0.40589406	1.103827398
0.989835455	70.20626338	0.406578818	1.103785817
0.989857928	70.32709878	0.407263789	1.103744338
0.989880401	70.4481871	0.40794898	1.103702961
0.989902875	70.56953032	0.408634393	1.103661684
0.989925349	70.69113041	0.409320036	1.103620508
0.989947824	70.81298936	0.410005911	1.103579432
0.9899703	70.93510916	0.410692025	1.103538455
0.989992776	71.05749183	0.411378382	1.103497576
0.990015252	71.18013938	0.412064987	1.103456796
0.99003773	71.30305383	0.412751844	1.103416114
0.990060207	71.42623722	0.413438959	1.103375529
0.990082685	71.54969161	0.414126336	1.10333504
0.990105164	71.67341904	0.41481398	1.103294648
0.990127643	71.79742158	0.415501896	1.103254351
0.990150122	71.92170131	0.416190088	1.10321415
0.990172602	72.04626032	0.416878561	1.103174043
0.990195083	72.17110072	0.417567321	1.103134031
0.990217564	72.29622461	0.418256371	1.103094112
0.990240046	72.42163411	0.418945716	1.103054286
0.990262528	72.54733137	0.419635362	1.103014554
0.990285011	72.67331852	0.420325312	1.102974913
0.990307494	72.79959773	0.421015571	1.102935365
0.990329977	72.92617116	0.421706145	1.102895908
0.990352461	73.053041	0.422397037	1.102856541
0.990374946	73.18020945	0.423088253	1.102817266
0.990397431	73.30767871	0.423779797	1.10277808
0.990419917	73.43545101	0.424471674	1.102738984
0.990442403	73.56352857	0.425163888	1.102699977
0.99046489	73.69191366	0.425856444	1.102661058
0.990487377	73.82060852	0.426549346	1.102622228
0.990509865	73.94961543	0.4272426	1.102583486
0.990532353	74.07893668	0.42793621	1.102544831
0.990554842	74.20857458	0.42863018	1.102506263
0.990577331	74.33853144	0.429324515	1.102467782
0.990599821	74.46880959	0.43001922	1.102429387
0.990622311	74.59941138	0.430714299	1.102391078
0.990644802	74.73033918	0.431409756	1.102352854
0.990667294	74.86159535	0.432105598	1.102314715
0.990689785	74.99318228	0.432801827	1.102276661
0.990712278	75.1251024	0.433498449	1.10223869
0.990734771	75.25735811	0.434195469	1.102200804
0.990757264	75.38995185	0.43489289	1.102163
0.990779758	75.5228861	0.435590717	1.10212528
0.990802252	75.6561633	0.436288956	1.102087643
0.990824747	75.78978595	0.43698761	1.102050087
0.990847242	75.92375657	0.437686684	1.102012614
0.990869738	76.05807765	0.438386183	1.101975221
0.990892235	76.19275176	0.439086111	1.10193791
0.990914732	76.32778144	0.439786474	1.10190068
0.990937229	76.46316927	0.440487274	1.10186353
0.990959727	76.59891784	0.441188518	1.10182646
0.990982226	76.73502976	0.44189021	1.10178947
0.991004725	76.87150767	0.442592354	1.101752559
0.991027224	77.0083542	0.443294955	1.101715727
0.991049724	77.14557202	0.443998017	1.101678973
0.991072225	77.28316383	0.444701545	1.101642298
0.991094726	77.42113233	0.445405544	1.101605701
0.991117227	77.55948023	0.446110019	1.101569181
0.991139729	77.6982103	0.446814973	1.101532738
0.991162232	77.83732528	0.447520412	1.101496372
0.991184735	77.97682798	0.44822634	1.101460083
0.991207238	78.11672119	0.448932762	1.10142387
0.991229743	78.25700775	0.449639683	1.101387733
0.991252247	78.3976905	0.450347106	1.101351671
0.991274752	78.53877231	0.451055037	1.101315685
0.991297258	78.68025607	0.451763481	1.101279774
0.991319764	78.82214471	0.452472441	1.101243937
0.991342271	78.96444116	0.453181924	1.101208174
0.991364778	79.10714837	0.453891932	1.101172486
0.991387285	79.25026933	0.454602472	1.101136871
0.991409794	79.39380706	0.455313547	1.101101329
0.991432302	79.53776457	0.456025163	1.101065861
0.991454811	79.68214491	0.456737324	1.101030465
0.991477321	79.82695118	0.457450035	1.100995142
0.991499831	79.97218648	0.4581633	1.100959891
0.991522342	80.11785392	0.458877125	1.100924711
0.991544853	80.26395666	0.459591514	1.100889604
0.991567365	80.41049789	0.460306471	1.100854567
0.991589877	80.5574808	0.461022002	1.100819602
0.99161239	80.70490862	0.461738112	1.100784707
0.991634903	80.85278462	0.462454804	1.100749882
0.991657417	81.00111208	0.463172084	1.100715128
0.991679932	81.1498943	0.463889957	1.100680444
0.991702446	81.29913463	0.464608428	1.100645829
0.991724962	81.44883644	0.465327501	1.100611283
0.991747478	81.59900311	0.466047181	1.100576807
0.991769994	81.74963807	0.466767473	1.100542399
0.991792511	81.90074479	0.467488382	1.10050806
0.991815028	82.05232672	0.468209913	1.100473789
0.991837546	82.2043874	0.46893207	1.100439586
0.991860064	82.35693036	0.469654859	1.10040545
0.991882583	82.50995918	0.470378284	1.100371382
0.991905103	82.66347745	0.471102351	1.100337381
0.991927623	82.81748882	0.471827065	1.100303447
0.991950143	82.97199695	0.472552429	1.10026958
0.991972664	83.12700554	0.47327845	1.100235779
0.991995186	83.28251833	0.474005132	1.100202044
0.992017708	83.43853907	0.474732481	1.100168375
0.99204023	83.59507157	0.4754605	1.100134772
0.992062753	83.75211966	0.476189197	1.100101234
0.992085277	83.9096872	0.476918574	1.100067761
0.992107801	84.06777811	0.477648639	1.100034354
0.992130325	84.22639631	0.478379394	1.100001011
0.99215285	84.38554578	0.479110847	1.099967732
0.992175376	84.54523054	0.479843002	1.099934517
0.992197902	84.70545462	0.480575863	1.099901367
0.992220428	84.8662221	0.481309437	1.09986828
0.992242956	85.02753712	0.482043728	1.099835257
0.992265483	85.18940383	0.482778742	1.099802297
0.992288011	85.35182643	0.483514484	1.0997694
0.99231054	85.51480916	0.484250958	1.099736566
0.992333069	85.67835629	0.484988172	1.099703794
0.992355599	85.84247215	0.485726128	1.099671085
0.992378129	86.00716109	0.486464834	1.099638438
0.992400659	86.17242751	0.487204295	1.099605852
0.992423191	86.33827586	0.487944514	1.099573329
0.992445722	86.50471061	0.488685499	1.099540867
0.992468255	86.67173631	0.489427255	1.099508466
0.992490787	86.83935752	0.490169786	1.099476126
0.992513321	87.00757886	0.490913099	1.099443847
0.992535854	87.17640498	0.491657199	1.099411629
0.992558389	87.34584061	0.492402091	1.099379471
0.992580923	87.51589048	0.493147781	1.099347374
0.992603459	87.68655941	0.493894275	1.099315336
0.992625994	87.85785224	0.494641577	1.099283358
0.992648531	88.02977386	0.495389694	1.09925144
0.992671067	88.20232922	0.496138632	1.099219581
0.992693605	88.37552332	0.496888395	1.099187781
0.992716143	88.5493612	0.49763899	1.099156041
0.992738681	88.72384796	0.498390423	1.099124359
0.99276122	88.89898874	0.499142699	1.099092735
0.992783759	89.07478874	0.499895823	1.09906117
0.992806299	89.25125322	0.500649803	1.099029664
0.992828839	89.42838749	0.501404642	1.098998215
0.99285138	89.6061969	0.502160349	1.098966824
0.992873922	89.78468688	0.502916927	1.098935491
0.992896464	89.96386289	0.503674384	1.098904215
0.992919006	90.14373047	0.504432725	1.098872996
0.992941549	90.32429521	0.505191957	1.098841835
0.992964093	90.50556275	0.505952084	1.09881073
0.992986637	90.6875388	0.506713114	1.098779682
0.993009181	90.87022913	0.507475052	1.098748691
0.993031726	91.05363956	0.508237905	1.098717756
0.993054272	91.23777598	0.509001678	1.098686877
0.993076818	91.42264436	0.509766379	1.098656054
0.993099364	91.6082507	0.510532012	1.098625287
0.993121911	91.79460109	0.511298585	1.098594575
0.993144459	91.98170168	0.512066103	1.098563919
0.993167007	92.16955868	0.512834574	1.098533318
0.993189555	92.35817838	0.513604003	1.098502773
0.993212104	92.54756712	0.514374397	1.098472282
0.993234654	92.73773133	0.515145762	1.098441846
0.993257204	92.92867751	0.515918105	1.098411464
0.993279755	93.12041221	0.516691432	1.098381137
0.993302306	93.31294207	0.51746575	1.098350865
0.993324858	93.50627382	0.518241066	1.098320646
0.99334741	93.70041422	0.519017385	1.098290481
0.993369962	93.89537016	0.519794716	1.09826037
0.993392516	94.09114856	0.520573065	1.098230313
0.993415069	94.28775645	0.521352437	1.098200309
0.993437624	94.48520093	0.522132841	1.098170358
0.993460178	94.68348919	0.522914284	1.098140461
0.993482734	94.88262847	0.523696771	1.098110616
0.993505289	95.08262614	0.52448031	1.098080825
0.993527846	95.28348962	0.525264909	1.098051086
0.993550402	95.48522644	0.526050573	1.098021399
0.99357296	95.68784419	0.526837311	1.097991765
0.993595517	95.89135058	0.527625129	1.097962183
0.993618076	96.09575339	0.528414034	1.097932653
0.993640635	96.3010605	0.529204035	1.097903175
0.993663194	96.50727988	0.529995138	1.097873749
0.993685754	96.7144196	0.53078735	1.097844374
0.993708314	96.92248782	0.531580679	1.097815051
0.993730875	97.1314928	0.532375132	1.097785779
0.993753436	97.34144289	0.533170718	1.097756558
0.993775998	97.55234657	0.533967443	1.097727388
0.993798561	97.76421239	0.534765315	1.097698269
0.993821124	97.97704903	0.535564342	1.097669201
0.993843687	98.19086525	0.536364531	1.097640183
0.993866251	98.40566993	0.537165891	1.097611216
0.993888815	98.62147208	0.537968429	1.097582299
0.99391138	98.83828078	0.538772153	1.097553433
0.993933946	99.05610526	0.539577071	1.097524616
0.993956512	99.27495485	0.540383191	1.097495849
0.993979078	99.494839	0.541190522	1.097467132
0.994001645	99.71576726	0.541999071	1.097438465
0.994024213	99.93774933	0.542808846	1.097409847
0.994046781	100.160795	0.543619856	1.097381279
0.99406935	100.3849143	0.54443211	1.09735276
0.994091919	100.6101171	0.545245615	1.097324289
0.994114488	100.8364138	0.546060381	1.097295868
0.994137058	101.0638146	0.546876415	1.097267496
0.994159629	101.2923299	0.547693727	1.097239172
0.9941822	101.5219705	0.548512324	1.097210897
0.994204772	101.752747	0.549332216	1.097182671
0.994227344	101.9846702	0.550153412	1.097154493
0.994249916	102.2177512	0.550975921	1.097126362
0.99427249	102.4520012	0.551799751	1.097098281
0.994295063	102.6874315	0.552624911	1.097070247
0.994317638	102.9240534	0.553451412	1.097042261
0.994340212	103.1618787	0.554279261	1.097014322
0.994362787	103.4009191	0.555108468	1.096986431
0.994385363	103.6411865	0.555939043	1.096958588
0.994407939	103.882693	0.556770995	1.096930792
0.994430516	104.1254509	0.557604334	1.096903043
0.994453093	104.3694726	0.558439068	1.096875342
0.994475671	104.6147707	0.559275209	1.096847687
0.99449825	104.8613579	0.560112765	1.09682008
0.994520828	105.1092472	0.560951747	1.096792519
0.994543408	105.3584517	0.561792164	1.096765005
0.994565988	105.6089847	0.562634027	1.096737537
0.994588568	105.8608597	0.563477346	1.096710116
0.994611149	106.1140904	0.56432213	1.096682741
0.99463373	106.3686907	0.565168391	1.096655412
0.994656312	106.6246746	0.566016138	1.09662813
0.994678894	106.8820564	0.566865383	1.096600893
0.994701477	107.1408506	0.567716135	1.096573703
0.994724061	107.4010718	0.568568406	1.096546558
0.994746645	107.6627351	0.569422206	1.096519459
0.994769229	107.9258554	0.570277547	1.096492405
0.994791814	108.1904482	0.571134439	1.096465397
0.9948144	108.4565289	0.571992893	1.096438435
0.994836985	108.7241134	0.572852921	1.096411517
0.994859572	108.9932177	0.573714533	1.096384645
0.994882159	109.2638581	0.574577743	1.096357818
0.994904747	109.536051	0.57544256	1.096331035
0.994927335	109.8098133	0.576308997	1.096304298
0.994949923	110.0851619	0.577177065	1.096277606
0.994972512	110.3621141	0.578046777	1.096250958
0.994995102	110.6406874	0.578918145	1.096224354
0.995017692	110.9208997	0.57979118	1.096197795
0.995040282	111.2027689	0.580665895	1.096171281
0.995062874	111.4863134	0.581542302	1.096144811
0.995085465	111.7715519	0.582420414	1.096118385
0.995108057	112.0585033	0.583300243	1.096092003
0.99513065	112.3471868	0.584181803	1.096065665
0.995153243	112.6376219	0.585065106	1.096039371
0.995175837	112.9298284	0.585950165	1.09601312
0.995198431	113.2238266	0.586836994	1.095986914
0.995221026	113.5196367	0.587725606	1.095960751
0.995243621	113.8172797	0.588616014	1.095934631
0.995266217	114.1167767	0.589508232	1.095908556
0.995288813	114.4181491	0.590402274	1.095882523
0.99531141	114.7214188	0.591298153	1.095856534
0.995334007	115.0266079	0.592195885	1.095830588
0.995356605	115.333739	0.593095482	1.095804685
0.995379203	115.6428349	0.593996959	1.095778825
0.995401802	115.953919	0.594900332	1.095753008
0.995424401	116.267015	0.595805614	1.095727233
0.995447001	116.5821469	0.596712821	1.095701502
0.995469601	116.8993392	0.597621968	1.095675813
0.995492202	117.2186168	0.598533069	1.095650167
0.995514804	117.540005	0.599446141	1.095624564
0.995537405	117.8635296	0.600361198	1.095599002
0.995560008	118.1892168	0.601278258	1.095573484
0.995582611	118.5170932	0.602197334	1.095548007
0.995605214	118.847186	0.603118445	1.095522573
0.995627818	119.1795227	0.604041605	1.09549718
0.995650423	119.5141313	0.604966832	1.09547183
0.995673028	119.8510406	0.605894142	1.095446522
0.995695633	120.1902795	0.606823553	1.095421256
0.995718239	120.5318776	0.607755081	1.095396031
0.995740846	120.875865	0.608688743	1.095370848
0.995763453	121.2222725	0.609624558	1.095345707
0.99578606	121.5711313	0.610562542	1.095320608
0.995808668	121.922473	0.611502715	1.09529555
0.995831277	122.2763302	0.612445094	1.095270533
0.995853886	122.6327357	0.613389697	1.095245558
0.995876495	122.9917233	0.614336544	1.095220624
0.995899105	123.353327	0.615285652	1.095195732
0.995921716	123.7175817	0.616237042	1.09517088
0.995944327	124.0845229	0.617190733	1.09514607
0.995966939	124.4541869	0.618146745	1.095121301
0.995989551	124.8266104	0.619105096	1.095096573
0.996012164	125.2018311	0.620065808	1.095071885
0.996034777	125.5798873	0.621028901	1.095047239
0.99605739	125.960818	0.621994396	1.095022633
0.996080005	126.344663	0.622962313	1.094998068
0.996102619	126.7314628	0.623932674	1.094973544
0.996125235	127.121259	0.6249055	1.09494906
0.99614785	127.5140937	0.625880814	1.094924617
0.996170467	127.91001	0.626858637	1.094900214
0.996193083	128.3090517	0.627838992	1.094875851
0.996215701	128.7112637	0.628821902	1.094851529
0.996238319	129.1166918	0.629807389	1.094827248
0.996260937	129.5253825	0.630795478	1.094803006
0.996283556	129.9373834	0.631786192	1.094778805
0.996306175	130.3527433	0.632779554	1.094754643
0.996328795	130.7715117	0.63377559	1.094730522
0.996351415	131.1937392	0.634774324	1.094706441
0.996374036	131.6194776	0.635775782	1.0946824
0.996396658	132.0487797	0.636779988	1.094658399
0.996419279	132.4816995	0.637786969	1.094634437
0.996441902	132.918292	0.638796751	1.094610515
0.996464525	133.3586137	0.639809361	1.094586633
0.996487148	133.8027219	0.640824826	1.094562791
0.996509772	134.2506756	0.641843173	1.094538988
0.996532397	134.7025348	0.64286443	1.094515225
0.996555022	135.158361	0.643888626	1.094491502
0.996577647	135.6182169	0.644915789	1.094467818
0.996600273	136.0821668	0.645945948	1.094444173
0.9966229	136.5502763	0.646979134	1.094420568
0.996645527	137.0226127	0.648015376	1.094397002
0.996668154	137.4992446	0.649054705	1.094373476
0.996690782	137.9802424	0.650097152	1.094349988
0.996713411	138.465678	0.651142749	1.09432654
0.99673604	138.9556251	0.652191527	1.094303132
0.99675867	139.450159	0.65324352	1.094279762
0.9967813	139.9493569	0.654298761	1.094256431
0.99680393	140.4532978	0.655357284	1.09423314
0.996826562	140.9620627	0.656419122	1.094209887
0.996849193	141.4757345	0.657484311	1.094186674
0.996871825	141.994398	0.658552886	1.094163499
0.996894458	142.5181403	0.659624883	1.094140363
0.996917091	143.0470506	0.66070034	1.094117266
0.996939725	143.5812204	0.661779293	1.094094208
0.996962359	144.1207433	0.66286178	1.094071189
0.996984994	144.6657154	0.663947841	1.094048208
0.997007629	145.2162353	0.665037514	1.094025267
0.997030265	145.7724041	0.66613084	1.094002364
0.997052901	146.3343256	0.66722786	1.093979499
0.997075538	146.9021062	0.668328614	1.093956674
0.997098176	147.4758552	0.669433146	1.093933886
0.997120813	148.0556848	0.670541499	1.093911138
0.997143452	148.6417101	0.671653715	1.093888428
0.997166091	149.2340495	0.672769842	1.093865756
0.99718873	149.8328244	0.673889923	1.093843123
0.99721137	150.4381598	0.675014005	1.093820529
0.99723401	151.050184	0.676142136	1.093797973
0.997256651	151.6690289	0.677274364	1.093775455
0.997279293	152.2948301	0.678410738	1.093752976
0.997301935	152.927727	0.679551309	1.093730535
0.997324577	153.5678633	0.680696128	1.093708133
0.99734722	154.2153865	0.681845246	1.093685768
0.997369864	154.8704485	0.682998718	1.093663443
0.997392508	155.5332057	0.684156598	1.093641155
0.997415152	156.2038192	0.685318941	1.093618906
0.997437797	156.8824547	0.686485804	1.093596695
0.997460443	157.5692833	0.687657245	1.093574522
0.997483089	158.2644808	0.688833323	1.093552388
0.997505735	158.9682289	0.690014099	1.093530292
0.997528382	159.6807145	0.691199634	1.093508234
0.99755103	160.4021307	0.692389991	1.093486214
0.997573678	161.1326765	0.693585235	1.093464233
0.997596327	161.8725573	0.694785432	1.09344229
0.997618976	162.6219851	0.695990649	1.093420384
0.997641625	163.3811788	0.697200954	1.093398518
0.997664276	164.1503646	0.69841642	1.093376689
0.997686926	164.929776	0.699637117	1.093354899
0.997709578	165.7196544	0.700863119	1.093333146
0.997732229	166.5202494	0.702094503	1.093311432
0.997754881	167.331819	0.703331345	1.093289756
0.997777534	168.1546304	0.704573725	1.093268119
0.997800188	168.9889597	0.705821723	1.093246519
0.997822841	169.8350931	0.707075424	1.093224958
0.997845496	170.6933267	0.708334912	1.093203435
0.99786815	171.5639674	0.709600275	1.09318195
0.997890806	172.4473332	0.710871602	1.093160504
0.997913462	173.3437539	0.712148985	1.093139095
0.997936118	174.2535714	0.713432519	1.093117725
0.997958775	175.1771404	0.7147223	1.093096393
0.997981432	176.1148294	0.716018428	1.0930751
0.99800409	177.0670206	0.717321005	1.093053845
0.998026748	178.0341115	0.718630136	1.093032628
0.998049407	179.0165149	0.719945928	1.09301145
0.998072067	180.0146601	0.721268491	1.092990309
0.998094727	181.0289938	0.722597941	1.092969208
0.998117387	182.0599807	0.723934394	1.092948145
0.998140048	183.1081048	0.72527797	1.09292712
0.99816271	184.1738703	0.726628793	1.092906134
0.998185372	185.2578026	0.727986991	1.092885186
0.998208034	186.3604497	0.729352696	1.092864277
0.998230697	187.4823832	0.730726043	1.092843406
0.998253361	188.6242	0.732107171	1.092822574
0.998276025	189.7865233	0.733496224	1.092801781
0.998298689	190.9700046	0.734893351	1.092781026
0.998321354	192.1753251	0.736298706	1.09276031
0.99834402	193.4031973	0.737712446	1.092739633
0.998366686	194.6543676	0.739134735	1.092718995
0.998389353	195.9296175	0.740565741	1.092698396
0.99841202	197.2297665	0.742005639	1.092677836
0.998434688	198.5556741	0.74345461	1.092657315
0.998457356	199.9082426	0.744912841	1.092636833
0.998480025	201.2884197	0.746380525	1.09261639
0.998502694	202.6972017	0.747857862	1.092595987
0.998525363	204.1356366	0.749345059	1.092575622
0.998548034	205.6048279	0.750842333	1.092555297
0.998570704	207.1059382	0.752349907	1.092535012
0.998593376	208.6401933	0.753868012	1.092514766
0.998616047	210.208887	0.75539689	1.09249456
0.99863872	211.813386	0.75693679	1.092474393
0.998661393	213.4551352	0.758487973	1.092454266
0.998684066	215.1356635	0.760050711	1.09243418
0.99870674	216.8565907	0.761625285	1.092414133
0.998729414	218.6196341	0.763211989	1.092394126
0.998752089	220.4266163	0.76481113	1.09237416
0.998774764	222.2794741	0.766423029	1.092354233
0.99879744	224.1802676	0.76804802	1.092334348
0.998820117	226.1311907	0.769686452	1.092314503
0.998842794	228.1345824	0.771338691	1.092294698
0.998865471	230.1929398	0.77300512	1.092274935
0.998888149	232.3089318	0.774686141	1.092255212
0.998910827	234.4854152	0.776382175	1.092235531
0.998933506	236.7254517	0.778093663	1.092215891
0.998956186	239.0323278	0.779821072	1.092196292
0.998978866	241.4095762	0.781564889	1.092176735
0.999001547	243.8610007	0.783325631	1.09215722
0.999024228	246.3907032	0.785103842	1.092137746
0.999046909	249.0031153	0.786900094	1.092118315
0.999069591	251.7030328	0.788714996	1.092098927
0.999092274	254.4956561	0.79054919	1.092079581
0.999114957	257.386635	0.792403357	1.092060277
0.999137641	260.3821202	0.794278222	1.092041017
0.999160325	263.4888231	0.796174552	1.0920218
0.999183009	266.7140829	0.798093168	1.092002627
0.999205695	270.0659455	0.800034945	1.091983497
0.99922838	273.5532537	0.802000816	1.091964411
0.999251066	277.1857527	0.803991784	1.09194537
0.999273753	280.974213	0.806008922	1.091926374
0.99929644	284.9305745	0.808053386	1.091907422
0.999319128	289.0681163	0.81012642	1.091888516
0.999341816	293.4016578	0.812229372	1.091869656
0.999364505	297.9477983	0.814363697	1.091850842
0.999387194	302.7252039	0.816530981	1.091832074
0.999409884	307.7549533	0.818732948	1.091813353
0.999432575	313.0609574	0.820971483	1.09179468
0.999455265	318.6704725	0.823248657	1.091776055
0.999477957	324.6147319	0.825566745	1.091757478
0.999500649	330.9297315	0.827928265	1.09173895
0.999523341	337.6572135	0.83033601	1.091720471
0.999546034	344.8459132	0.832793097	1.091702043
0.999568727	352.5531537	0.835303022	1.091683666
0.999591421	360.8469128	0.837869726	1.091665341
0.999614116	369.8085351	0.840497682	1.091647068
0.999636811	379.5363434	0.843192003	1.091628848
0.999659506	390.1505274	0.845958582	1.091610683
0.999682202	401.79988	0.848804268	1.091592574
0.999704899	414.6712748	0.851737102	1.091574521
0.999727596	429.0033113	0.85476664	1.091556526
0.999750293	445.1064971	0.857904385	1.091538591
0.999772991	463.3940385	0.861164408	1.091520716
0.99979569	484.4305684	0.864564242	1.091502905
0.999818389	509.0126993	0.868126226	1.091485159
0.999841088	538.3094538	0.871879623	1.091467482
0.999863789	574.1238127	0.875864117	1.091449875
0.999886489	619.4229625	0.880136014	1.091432343
0.99990919	679.5422807	0.884780255	1.091414892
0.999931892	765.3954362	0.889936845	1.091397527
0.999954594	904.4697049	0.895871367	1.091380259
0.999977297	1201.3271	0.903241991	1.091363104
1.000000000	15247.62076	0.917421214	1.091346105
1.000746273	10.58292182	0.926113855	1.090825421
1.001495335	7.99432944	0.928462608	1.09027565
1.002247285	6.783434515	0.930397803	1.089726976
1.003001978	6.036229762	0.932064669	1.089179228
1.003759379	5.513091869	0.933562541	1.088632357
1.004519454	5.118902052	0.934934547	1.088086317
1.005282183	4.807199838	0.936209067	1.087541074
1.006047552	4.552156472	0.937404452	1.086996602
1.006815552	4.338084291	0.938533786	1.086452881
1.007586176	4.154814819	0.939606713	1.085909894
1.008359423	3.995421166	0.940630622	1.085367626
1.00913529	3.854994777	0.941611325	1.084826065
1.009913777	3.729944425	0.9425535	1.084285201
1.010694888	3.617572041	0.943460983	1.083745025
1.011478623	3.515804755	0.944336967	1.083205529
1.012264988	3.423019428	0.94518415	1.082666707
1.013053986	3.337923874	0.946004835	1.082128553
1.013845624	3.259474493	0.946801011	1.081591062
1.014639907	3.186817648	0.947574406	1.081054229
1.015436841	3.119247251	0.948326541	1.08051805
1.016236435	3.056173294	0.949058758	1.079982523
1.017038695	2.997098323	0.949772251	1.079447645
1.017843629	2.941599421	0.950468088	1.078913412
1.018651247	2.889314445	0.951147232	1.078379824
1.019461556	2.839931112	0.951810551	1.077846878
1.020274567	2.793178483	0.952458834	1.077314573
1.021090288	2.748820156	0.953092802	1.076782909
1.02190873	2.706648742	0.953713111	1.076251884
1.022729902	2.666481439	0.954320368	1.075721498
1.023553816	2.628156394	0.954915128	1.075191751
1.024380481	2.591529678	0.955497907	1.074662643
1.025209909	2.556472796	0.956069183	1.074134175
1.026042112	2.522870632	0.956629398	1.073606346
1.0268771	2.490619675	0.957178966	1.073079157
1.027714885	2.459626548	0.957718273	1.072552609
1.02855548	2.429806796	0.95824768	1.072026704
1.029398896	2.401083766	0.958767525	1.071501442
1.030245146	2.373387729	0.959278127	1.070976826
1.031094244	2.346655073	0.959779786	1.070452855
1.031946201	2.320827642	0.960272784	1.069929533
1.03280103	2.295852131	0.960757388	1.069406861
1.033658746	2.271679582	0.961233852	1.068884842
1.034519361	2.248264927	0.961702416	1.068363476
1.03538289	2.22556662	0.962163306	1.067842767
1.036249347	2.203546262	0.962616739	1.067322717
1.037118744	2.182168308	0.963062921	1.066803329
1.037991098	2.161399811	0.963502049	1.066284605
1.038866422	2.141210155	0.963934311	1.065766549
1.039744732	2.121570876	0.964359884	1.065249163
1.040626042	2.102455446	0.964778942	1.06473245
1.041510367	2.083839116	0.965191647	1.064216414
1.042397723	2.065698765	0.965598158	1.063701057
1.043288126	2.048012758	0.965998626	1.063186385
1.044181591	2.03076084	0.966393196	1.062672399
1.045078134	2.013924005	0.966782008	1.062159104
1.045977772	1.997484404	0.967165197	1.061646504
1.046880521	1.981425266	0.967542893	1.061134603
1.047786397	1.965730798	0.96791522	1.060623405
1.048695418	1.950386125	0.9682823	1.060112913
1.049607601	1.93537722	0.96864425	1.059603133
1.050522962	1.920690838	0.969001182	1.059094069
1.051441519	1.906314461	0.969353207	1.058585726
1.05236329	1.892236255	0.96970043	1.058078107
1.053288293	1.878445006	0.970042953	1.057571218
1.054216546	1.8649301	0.970380878	1.057065065
1.055148067	1.851681468	0.970714301	1.056559651
1.056082875	1.838689552	0.971043315	1.056054982
1.057020989	1.82594527	0.971368013	1.055551064
1.057962427	1.813439994	0.971688484	1.055047902
1.058907209	1.801165517	0.972004815	1.054545501
1.059855355	1.789114018	0.97231709	1.054043867
1.060806883	1.777278053	0.972625392	1.053543006
1.061761814	1.765650526	0.972929802	1.053042923
1.062720168	1.754224663	0.973230398	1.052543626
1.063681965	1.742994001	0.973527257	1.052045119
1.064647227	1.731952364	0.973820454	1.051547409
1.065615973	1.721093852	0.974110063	1.051050503
1.066588225	1.710412819	0.974396156	1.050554408
1.067564005	1.699903865	0.974678804	1.050059129
1.068543334	1.689561821	0.974958075	1.049564673
1.069526233	1.679381734	0.975234038	1.049071048
1.070512726	1.669358853	0.97550676	1.048578261
1.071502834	1.659488626	0.975776304	1.048086318
1.07249658	1.649766686	0.976042737	1.047595228
1.073493987	1.640188837	0.976306121	1.047104997
1.074495078	1.630751051	0.976566518	1.046615633
1.075499876	1.621449456	0.976823989	1.046127145
1.076508406	1.612280332	0.977078594	1.045639539
1.077520691	1.603240101	0.977330393	1.045152824
1.078536756	1.594325319	0.977579445	1.044667007
1.079556625	1.585532668	0.977825806	1.044182099
1.080580324	1.576858958	0.978069535	1.043698105
1.081607876	1.568301111	0.978310686	1.043215037
1.082639309	1.559856161	0.978549315	1.042732901
1.083674647	1.551521249	0.978785478	1.042251708
1.084713916	1.543293619	0.979019228	1.041771466
1.085757144	1.535170608	0.979250619	1.041292184
1.086804357	1.52714965	0.979479704	1.040813872
1.087855581	1.519228261	0.979706536	1.04033654
1.088910845	1.511404043	0.979931166	1.039860197
1.089970176	1.503674682	0.980153647	1.039384853
1.091033602	1.496037936	0.980374029	1.038910518
1.092101152	1.488491643	0.980592363	1.038437202
1.093172854	1.481033706	0.980808699	1.037964916
1.094248737	1.473662096	0.981023088	1.037493671
1.095328831	1.466374851	0.981235579	1.037023476
1.096413165	1.459170071	0.981446221	1.036554344
1.097501771	1.452045916	0.981655063	1.036086286
1.098594678	1.445000602	0.981862155	1.035619311
1.099691917	1.438032398	0.982067545	1.035153434
1.10079352	1.43113963	0.98227128	1.034688664
1.101899519	1.424320671	0.98247341	1.034225014
1.103009945	1.417573946	0.982673982	1.033762496
1.104124831	1.410897924	0.982873044	1.033301122
1.105244211	1.40429112	0.983070644	1.032840906
1.106368117	1.397752092	0.983266828	1.032381859
1.107496584	1.391279439	0.983461645	1.031923995
1.108629646	1.384871803	0.983655143	1.031467327
1.109767336	1.378527861	0.983847367	1.031011868
1.110909692	1.372246329	0.984038365	1.030557632
1.112056747	1.366025957	0.984228186	1.030104633
1.113208539	1.359865531	0.984416875	1.029652886
1.114365104	1.353763873	0.98460448	1.029202403
1.115526478	1.347719832	0.984791049	1.028753201
1.1166927	1.341732292	0.984976628	1.028305294
1.117863807	1.335800165	0.985161265	1.027858697
1.119039839	1.329922391	0.985345007	1.027413426
1.120220833	1.324097938	0.985527903	1.026969495
1.12140683	1.318325802	0.985709999	1.026526922
1.12259787	1.312605006	0.985891343	1.026085722
1.123793993	1.306934596	0.986071984	1.025645912
1.124995241	1.301313644	0.986251969	1.025207509
1.126201655	1.295741242	0.986431346	1.024770529
1.127413278	1.290216508	0.986610165	1.02433499
1.128630154	1.284738581	0.986788473	1.02390091
1.129852324	1.279306622	0.98696632	1.023468307
1.131079834	1.27391981	0.987143755	1.023037198
1.132312729	1.268577347	0.987320827	1.022607603
1.133551053	1.263278452	0.987497585	1.022179541
1.134794854	1.258022363	0.987674081	1.02175303
1.136044177	1.252808336	0.987850363	1.021328091
1.13729907	1.247635646	0.988026483	1.020904743
1.138559581	1.242503583	0.988202492	1.020483006
1.13982576	1.237411453	0.988378441	1.020062903
1.141097655	1.232358581	0.988554382	1.019644452
1.142375316	1.227344305	0.988730366	1.019227676
1.143658796	1.222367976	0.988906447	1.018812597
1.144948144	1.217428964	0.989082678	1.018399237
1.146243415	1.21252665	0.989259111	1.017987618
1.147544662	1.207660429	0.989435801	1.017577764
1.148851937	1.20282971	0.989612803	1.017169697
1.150165297	1.198033915	0.98979017	1.016763443
1.151484797	1.193272478	0.989967959	1.016359024
1.152810494	1.188544843	0.990146226	1.015956467
1.154142444	1.18385047	0.990325027	1.015555795
1.155480708	1.179188827	0.990504419	1.015157035
1.156825343	1.174559394	0.99068446	1.014760214
1.15817641	1.169961663	0.990865209	1.014365356
1.15953397	1.165395134	0.991046725	1.013972491
1.160898085	1.16085932	0.991229067	1.013581645
1.162268819	1.156353742	0.991412297	1.013192846
1.163646236	1.151877931	0.991596474	1.012806124
1.1650304	1.147431426	0.991781662	1.012421508
1.166421378	1.143013777	0.991967922	1.012039027
1.167819237	1.138624542	0.992155319	1.011658711
1.169224046	1.134263288	0.992343917	1.011280593
1.170635873	1.12992959	0.99253378	1.010904703
1.172054791	1.125623031	0.992724976	1.010531073
1.17348087	1.121343203	0.992917571	1.010159737
1.174914184	1.117089704	0.993111633	1.009790728
1.176354807	1.112862141	0.993307231	1.00942408
1.177802814	1.108660126	0.993504435	1.009059828
1.179258282	1.10448328	0.993703316	1.008698007
1.180721291	1.100331231	0.993903945	1.008338654
1.182191918	1.096203612	0.994106396	1.007981806
1.183670245	1.092100065	0.994310743	1.007627499
1.185156354	1.088020234	0.994517062	1.007275774
1.18665033	1.083963775	0.994725428	1.006926668
1.188152257	1.079930345	0.99493592	1.006580223
1.189662222	1.07591961	0.995148616	1.006236478
1.191180313	1.071931239	0.995363597	1.005895476
1.192706621	1.067964909	0.995580944	1.005557259
1.194241237	1.064020302	0.995800741	1.005221871
1.195784254	1.060097104	0.996023071	1.004889355
1.197335768	1.056195006	0.996248021	1.004559758
1.198895874	1.052313706	0.996475678	1.004233126
1.200464673	1.048452904	0.996706131	1.003909506
1.202042263	1.044612306	0.99693947	1.003588945
1.203628748	1.040791624	0.997175788	1.003271495
1.205224231	1.036990572	0.997415178	1.002957204
1.20682882	1.03320887	0.997657736	1.002646124
1.208442622	1.029446242	0.997903558	1.002338309
1.210065747	1.025702415	0.998152745	1.002033811
1.21169831	1.021977121	0.998405398	1.001732686
1.213340423	1.018270096	0.998661619	1.00143499
1.214992205	1.014581078	0.998921513	1.00114078
1.216653776	1.010909814	0.999185188	1.000850115
1.218325256	1.007256049	0.999452753	1.000563056
1.22000677	1.003619525	0.999724319	1.000279663
1.221698446	1	1	1
