0.98977504	78.51268361	0.378567794	1.107823871
0.989795385	78.64753974	0.379256431	1.107780668
0.989815731	78.78259777	0.379945018	1.107737588
0.989836077	78.91785979	0.380633559	1.107694632
0.989856423	79.0533279	0.381322061	1.107651799
0.98987677	79.18900421	0.382010531	1.107609087
0.989897117	79.32489082	0.382698975	1.107566496
0.989917465	79.46098984	0.383387398	1.107524025
0.989937813	79.59730338	0.384075808	1.107481674
0.989958162	79.73383355	0.384764211	1.107439441
0.989978511	79.87058246	0.385452611	1.107397326
0.98999886	80.00755223	0.386141016	1.107355328
0.99001921	80.14474499	0.386829432	1.107313445
0.99003956	80.28216285	0.387517864	1.107271679
0.990059911	80.41980794	0.388206318	1.107230027
0.990080262	80.55768239	0.388894801	1.107188489
0.990100614	80.69578834	0.389583317	1.107147064
0.990120966	80.83412793	0.390271874	1.107105752
0.990141318	80.97270329	0.390960476	1.107064552
0.990161671	81.11151657	0.39164913	1.107023463
0.990182024	81.25056994	0.39233784	1.106982484
0.990202377	81.38986553	0.393026614	1.106941615
0.990222731	81.52940552	0.393715456	1.106900855
0.990243086	81.66919208	0.394404372	1.106860204
0.990263441	81.80922736	0.395093368	1.10681966
0.990283796	81.94951356	0.395782448	1.106779223
0.990304152	82.09005285	0.39647162	1.106738893
0.990324508	82.23084743	0.397160888	1.106698668
0.990344864	82.37189949	0.397850257	1.106658549
0.990365221	82.51321124	0.398539733	1.106618534
0.990385578	82.65478487	0.399229322	1.106578623
0.990405936	82.79662262	0.399919029	1.106538816
0.990426294	82.9387267	0.400608859	1.106499111
0.990446653	83.08109934	0.401298818	1.106459508
0.990467012	83.22374278	0.40198891	1.106420006
0.990487372	83.36665927	0.402679142	1.106380606
0.990507731	83.50985105	0.403369518	1.106341305
0.990528092	83.65332039	0.404060044	1.106302105
0.990548452	83.79706956	0.404750724	1.106263003
0.990568813	83.94110084	0.405441565	1.106224
0.990589175	84.08541651	0.40613257	1.106185095
0.990609537	84.23001886	0.406823746	1.106146288
0.990629899	84.3749102	0.407515098	1.106107577
0.990650262	84.52009284	0.40820663	1.106068963
0.990670625	84.66556911	0.408898347	1.106030444
0.990690989	84.81134134	0.409590256	1.105992021
0.990711353	84.95741186	0.41028236	1.105953692
0.990731718	85.10378303	0.410974665	1.105915458
0.990752082	85.25045721	0.411667175	1.105877317
0.990772448	85.39743677	0.412359897	1.10583927
0.990792813	85.54472409	0.413052834	1.105801315
0.99081318	85.69232158	0.413745992	1.105763453
0.990833546	85.84023162	0.414439376	1.105725682
0.990853913	85.98845664	0.41513299	1.105688002
0.990874281	86.13699906	0.415826839	1.105650413
0.990894648	86.28586132	0.416520929	1.105612914
0.990915017	86.43504587	0.417215265	1.105575505
0.990935385	86.58455516	0.41790985	1.105538185
0.990955754	86.73439169	0.418604691	1.105500953
0.990976124	86.88455792	0.419299791	1.10546381
0.990996494	87.03505636	0.419995157	1.105426755
0.991016864	87.18588952	0.420690791	1.105389787
0.991037235	87.33705993	0.4213867	1.105352907
0.991057606	87.48857011	0.422082888	1.105316112
0.991077978	87.64042263	0.42277936	1.105279404
0.99109835	87.79262004	0.423476121	1.105242781
0.991118722	87.94516493	0.424173175	1.105206243
0.991139095	88.09805988	0.424870528	1.10516979
0.991159468	88.2513075	0.425568183	1.105133422
0.991179842	88.40491042	0.426266147	1.105097137
0.991200216	88.55887127	0.426964422	1.105060935
0.99122059	88.7131927	0.427663015	1.105024817
0.991240965	88.86787737	0.42836193	1.104988781
0.991261341	89.02292797	0.429061171	1.104952827
0.991281716	89.17834719	0.429760744	1.104916955
0.991302093	89.33413774	0.430460653	1.104881165
0.991322469	89.49030236	0.431160902	1.104845455
0.991342846	89.64684378	0.431861497	1.104809826
0.991363224	89.80376478	0.432562442	1.104774277
0.991383602	89.96106812	0.433263742	1.104738808
0.99140398	90.1187566	0.433965401	1.104703419
0.991424359	90.27683304	0.434667424	1.104668108
0.991444738	90.43530026	0.435369816	1.104632876
0.991465117	90.59416112	0.436072582	1.104597722
0.991485497	90.75341847	0.436775725	1.104562646
0.991505878	90.9130752	0.437479252	1.104527648
0.991526258	91.07313421	0.438183165	1.104492726
0.99154664	91.23359843	0.438887471	1.104457882
0.991567021	91.39447079	0.439592173	1.104423114
0.991587403	91.55575425	0.440297277	1.104388422
0.991607786	91.71745179	0.441002787	1.104353806
0.991628169	91.87956641	0.441708707	1.104319265
0.991648552	92.04210113	0.442415042	1.104284799
0.991668936	92.20505898	0.443121798	1.104250408
0.99168932	92.36844303	0.443828977	1.104216091
0.991709704	92.53225636	0.444536587	1.104181848
0.991730089	92.69650206	0.445244629	1.104147679
0.991750475	92.86118326	0.445953111	1.104113583
0.991770861	93.02630311	0.446662035	1.10407956
0.991791247	93.19186476	0.447371407	1.104045609
0.991811634	93.35787142	0.448081232	1.104011731
0.991832021	93.52432629	0.448791514	1.103977925
0.991852408	93.6912326	0.449502257	1.103944191
0.991872796	93.85859361	0.450213467	1.103910528
0.991893184	94.02641261	0.450925147	1.103876936
0.991913573	94.19469289	0.451637304	1.103843415
0.991933962	94.3634378	0.45234994	1.103809964
0.991954352	94.53265067	0.453063062	1.103776584
0.991974742	94.70233489	0.453776674	1.103743273
0.991995132	94.87249386	0.454490779	1.103710031
0.992015523	95.04313101	0.455205384	1.103676859
0.992035914	95.21424979	0.455920493	1.103643756
0.992056306	95.38585369	0.45663611	1.103610722
0.992076698	95.5579462	0.45735224	1.103577755
0.992097091	95.73053087	0.458068888	1.103544857
0.992117484	95.90361126	0.458786058	1.103512027
0.992137877	96.07719095	0.459503756	1.103479264
0.992158271	96.25127355	0.460221986	1.103446568
0.992178665	96.42586272	0.460940753	1.103413939
0.99219906	96.60096211	0.461660061	1.103381377
0.992219455	96.77657545	0.462379915	1.103348881
0.99223985	96.95270645	0.463100321	1.103316451
0.992260246	97.12935887	0.463821282	1.103284086
0.992280642	97.30653651	0.464542803	1.103251788
0.992301039	97.48424319	0.46526489	1.103219554
0.992321436	97.66248275	0.465987547	1.103187386
0.992341834	97.84125909	0.466710779	1.103155282
0.992362232	98.02057611	0.467434591	1.103123243
0.99238263	98.20043776	0.468158988	1.103091268
0.992403029	98.38084801	0.468883973	1.103059357
0.992423428	98.56181089	0.469609553	1.10302751
0.992443828	98.74333043	0.470335733	1.102995726
0.992464228	98.92541072	0.471062516	1.102964005
0.992484629	99.10805586	0.471789908	1.102932347
0.99250503	99.29127	0.472517914	1.102900752
0.992525431	99.47505733	0.473246539	1.102869219
0.992545833	99.65942206	0.473975787	1.102837748
0.992566235	99.84436845	0.474705664	1.10280634
0.992586637	100.0299008	0.475436174	1.102774993
0.99260704	100.2160234	0.476167323	1.102743707
0.992627444	100.4027406	0.476899115	1.102712483
0.992647848	100.5900569	0.477631556	1.10268132
0.992668252	100.7779767	0.47836465	1.102650217
0.992688657	100.9665044	0.479098403	1.102619175
0.992709062	101.1556446	0.479832819	1.102588193
0.992729467	101.3454019	0.480567904	1.102557272
0.992749873	101.5357807	0.481303662	1.10252641
0.99277028	101.7267859	0.482040099	1.102495608
0.992790686	101.918422	0.48277722	1.102464865
0.992811094	102.1106938	0.483515031	1.102434181
0.992831501	102.303606	0.484253535	1.102403556
0.992851909	102.4971635	0.484992738	1.10237299
0.992872318	102.6913711	0.485732646	1.102342483
0.992892727	102.8862337	0.486473264	1.102312033
0.992913136	103.0817563	0.487214596	1.102281642
0.992933546	103.2779438	0.487956649	1.102251309
0.992953956	103.4748013	0.488699427	1.102221033
0.992974366	103.6723338	0.489442936	1.102190815
0.992994777	103.8705465	0.49018718	1.102160654
0.993015189	104.0694445	0.490932166	1.10213055
0.993035601	104.2690332	0.491677899	1.102100503
0.993056013	104.4693177	0.492424383	1.102070512
0.993076426	104.6703033	0.493171625	1.102040578
0.993096839	104.8719956	0.493919629	1.1020107
0.993117252	105.0743998	0.494668402	1.101980879
0.993137666	105.2775214	0.495417949	1.101951112
0.99315808	105.481366	0.496168274	1.101921402
0.993178495	105.6859392	0.496919384	1.101891747
0.99319891	105.8912467	0.497671285	1.101862147
0.993219326	106.097294	0.498423981	1.101832602
0.993239742	106.3040869	0.499177478	1.101803113
0.993260158	106.5116314	0.499931782	1.101773677
0.993280575	106.7199331	0.500686899	1.101744297
0.993300993	106.9289981	0.501442834	1.10171497
0.99332141	107.1388323	0.502199592	1.101685698
0.993341828	107.3494417	0.50295718	1.101656479
0.993362247	107.5608325	0.503715604	1.101627315
0.993382666	107.7730108	0.504474868	1.101598203
0.993403085	107.9859829	0.505234979	1.101569146
0.993423505	108.1997549	0.505995943	1.101540141
0.993443925	108.4143334	0.506757766	1.101511189
0.993464346	108.6297246	0.507520452	1.101482291
0.993484767	108.8459351	0.508284009	1.101453445
0.993505188	109.0629714	0.509048443	1.101424651
0.99352561	109.2808402	0.509813758	1.10139591
0.993546033	109.499548	0.510579962	1.101367221
0.993566455	109.7191017	0.51134706	1.101338584
0.993586878	109.9395082	0.512115058	1.101309998
0.993607302	110.1607741	0.512883962	1.101281465
0.993627726	110.3829067	0.513653779	1.101252982
0.99364815	110.6059128	0.514424515	1.101224551
0.993668575	110.8297996	0.515196176	1.101196172
0.993689001	111.0545744	0.515968768	1.101167843
0.993709426	111.2802442	0.516742297	1.101139565
0.993729852	111.5068166	0.51751677	1.101111337
0.993750279	111.734299	0.518292193	1.101083161
0.993770706	111.9626988	0.519068572	1.101055034
0.993791133	112.1920236	0.519845915	1.101026958
0.993811561	112.4222811	0.520624226	1.100998932
0.993831989	112.653479	0.521403514	1.100970955
0.993852418	112.8856253	0.522183784	1.100943028
0.993872847	113.1187278	0.522965043	1.100915151
0.993893276	113.3527945	0.523747297	1.100887324
0.993913706	113.5878335	0.524530554	1.100859545
0.993934136	113.8238531	0.525314819	1.100831816
0.993954567	114.0608614	0.526100101	1.100804135
0.993974998	114.298867	0.526886404	1.100776504
0.99399543	114.5378782	0.527673737	1.100748921
0.994015862	114.7779036	0.528462106	1.100721386
0.994036294	115.018952	0.529251518	1.1006939
0.994056727	115.261032	0.530041981	1.100666462
0.99407716	115.5041525	0.5308335	1.100639072
0.994097594	115.7483225	0.531626083	1.100611731
0.994118028	115.993551	0.532419738	1.100584437
0.994138462	116.2398473	0.53321447	1.10055719
0.994158897	116.4872207	0.534010289	1.100529991
0.994179333	116.7356804	0.5348072	1.10050284
0.994199768	116.985236	0.535605211	1.100475736
0.994220205	117.2358971	0.53640433	1.100448678
0.994240641	117.4876735	0.537204563	1.100421668
0.994261078	117.740575	0.538005919	1.100394705
0.994281516	117.9946116	0.538808405	1.100367788
0.994301953	118.2497932	0.539612028	1.100340918
0.994322392	118.5061302	0.540416796	1.100314095
0.99434283	118.7636329	0.541222716	1.100287317
0.99436327	119.0223116	0.542029797	1.100260586
0.994383709	119.282177	0.542838046	1.100233901
0.994404149	119.5432398	0.543647471	1.100207262
0.994424589	119.8055108	0.544458079	1.100180669
0.99444503	120.069001	0.54526988	1.100154121
0.994465471	120.3337215	0.54608288	1.100127619
0.994485913	120.5996834	0.546897088	1.100101162
0.994506355	120.8668983	0.547712512	1.10007475
0.994526798	121.1353777	0.54852916	1.100048384
0.99454724	121.4051331	0.549347041	1.100022063
0.994567684	121.6761764	0.550166163	1.099995787
0.994588128	121.9485196	0.550986533	1.099969555
0.994608572	122.2221748	0.551808162	1.099943368
0.994629016	122.4971543	0.552631056	1.099917226
0.994649461	122.7734705	0.553455225	1.099891128
0.994669907	123.0511359	0.554280678	1.099865075
0.994690353	123.3301634	0.555107422	1.099839065
0.994710799	123.6105659	0.555935468	1.0998131
0.994731245	123.8923564	0.556764823	1.099787179
0.994751693	124.1755481	0.557595497	1.099761302
0.99477214	124.4601546	0.558427499	1.099735468
0.994792588	124.7461894	0.559260837	1.099709678
0.994813036	125.0336664	0.560095522	1.099683932
0.994833485	125.3225994	0.560931562	1.099658229
0.994853934	125.6130026	0.561768966	1.099632569
0.994874384	125.9048905	0.562607744	1.099606953
0.994894834	126.1982775	0.563447906	1.09958138
0.994915284	126.4931783	0.56428946	1.099555849
0.994935735	126.789608	0.565132418	1.099530362
0.994956187	127.0875816	0.565976787	1.099504917
0.994976638	127.3871144	0.566822579	1.099479515
0.994997091	127.6882222	0.567669803	1.099454155
0.995017543	127.9909205	0.568518469	1.099428838
0.995037996	128.2952255	0.569368587	1.099403564
0.995058449	128.6011533	0.570220167	1.099378331
0.995078903	128.9087204	0.57107322	1.099353141
0.995099358	129.2179434	0.571927756	1.099327993
0.995119812	129.5288393	0.572783785	1.099302887
0.995140267	129.8414251	0.573641318	1.099277822
0.995160723	130.1557184	0.574500365	1.0992528
0.995181179	130.4717367	0.575360938	1.099227819
0.995201635	130.7894979	0.576223047	1.099202879
0.995222092	131.1090203	0.577086703	1.099177981
0.995242549	131.4303221	0.577951917	1.099153125
0.995263007	131.7534221	0.578818701	1.099128309
0.995283465	132.0783392	0.579687065	1.099103535
0.995303923	132.4050928	0.58055702	1.099078802
0.995324382	132.7337022	0.58142858	1.09905411
0.995344841	133.0641873	0.582301754	1.099029459
0.995365301	133.3965682	0.583176554	1.099004848
0.995385761	133.7308654	0.584052994	1.098980279
0.995406222	134.0670994	0.584931083	1.09895575
0.995426683	134.4052914	0.585810835	1.098931261
0.995447144	134.7454628	0.586692262	1.098906813
0.995467606	135.087635	0.587575376	1.098882405
0.995488068	135.4318303	0.588460189	1.098858038
0.995508531	135.7780708	0.589346714	1.098833711
0.995528994	136.1263793	0.590234963	1.098809424
0.995549457	136.4767788	0.59112495	1.098785176
0.995569921	136.8292928	0.592016687	1.098760969
0.995590386	137.1839449	0.592910187	1.098736802
0.99561085	137.5407593	0.593805464	1.098712674
0.995631315	137.8997605	0.594702531	1.098688586
0.995651781	138.2609735	0.595601402	1.098664538
0.995672247	138.6244235	0.596502089	1.098640529
0.995692714	138.9901363	0.597404608	1.098616559
0.99571318	139.358138	0.598308971	1.098592629
0.995733648	139.7284551	0.599215193	1.098568738
0.995754115	140.1011146	0.600123288	1.098544887
0.995774584	140.4761439	0.601033271	1.098521074
0.995795052	140.8535709	0.601945156	1.098497301
0.995815521	141.233424	0.602858958	1.098473566
0.99583599	141.615732	0.603774691	1.098449871
0.99585646	142.0005241	0.604692371	1.098426214
0.99587693	142.3878301	0.605612013	1.098402596
0.995897401	142.7776804	0.606533632	1.098379016
0.995917872	143.1701056	0.607457244	1.098355475
0.995938344	143.5651372	0.608382865	1.098331973
0.995958816	143.962807	0.60931051	1.098308509
0.995979288	144.3631473	0.610240197	1.098285083
0.995999761	144.7661912	0.61117194	1.098261696
0.996020234	145.1719723	0.612105756	1.098238347
0.996040707	145.5805245	0.613041663	1.098215036
0.996061181	145.9918827	0.613979677	1.098191763
0.996081656	146.4060823	0.614919815	1.098168528
0.996102131	146.8231591	0.615862095	1.098145332
0.996122606	147.2431498	0.616806534	1.098122173
0.996143082	147.6660916	0.617753149	1.098099051
0.996163558	148.0920226	0.618701959	1.098075968
0.996184034	148.5209813	0.619652982	1.098052922
0.996204511	148.9530071	0.620606236	1.098029914
0.996224989	149.38814	0.62156174	1.098006943
0.996245467	149.8264209	0.622519513	1.09798401
0.996265945	150.2678913	0.623479574	1.097961114
0.996286423	150.7125935	0.624441942	1.097938256
0.996306902	151.1605707	0.625406636	1.097915435
0.996327382	151.6118668	0.626373678	1.097892651
0.996347862	152.0665266	0.627343086	1.097869905
0.996368342	152.5245957	0.628314881	1.097847195
0.996388823	152.9861207	0.629289084	1.097824523
0.996409304	153.4511488	0.630265716	1.097801887
0.996429786	153.9197286	0.631244797	1.097779288
0.996450268	154.3919092	0.63222635	1.097756727
0.99647075	154.8677409	0.633210396	1.097734202
0.996491233	155.3472749	0.634196957	1.097711714
0.996511716	155.8305635	0.635186055	1.097689263
0.9965322	156.3176599	0.636177714	1.097666848
0.996552684	156.8086186	0.637171956	1.09764447
0.996573169	157.3034951	0.638168804	1.097622128
0.996593654	157.8023458	0.639168283	1.097599823
0.996614139	158.3052286	0.640170415	1.097577555
0.996634625	158.8122025	0.641175226	1.097555322
0.996655111	159.3233275	0.64218274	1.097533127
0.996675598	159.8386653	0.643192982	1.097510967
0.996696085	160.3582784	0.644205978	1.097488844
0.996716572	160.8822309	0.645221752	1.097466757
0.99673706	161.4105882	0.646240332	1.097444706
0.996757548	161.9434172	0.647261744	1.097422691
0.996778037	162.4807861	0.648286015	1.097400712
0.996798526	163.0227646	0.649313171	1.097378769
0.996819016	163.569424	0.650343241	1.097356862
0.996839506	164.1208371	0.651376253	1.097334991
0.996859996	164.6770783	0.652412236	1.097313156
0.996880487	165.2382238	0.653451218	1.097291357
0.996900978	165.8043513	0.654493229	1.097269593
0.99692147	166.3755403	0.655538299	1.097247866
0.996941962	166.9518722	0.656586458	1.097226174
0.996962455	167.5334302	0.657637737	1.097204517
0.996982948	168.1202995	0.658692168	1.097182897
0.997003441	168.7125671	0.659749782	1.097161311
0.997023935	169.3103222	0.660810612	1.097139762
0.997044429	169.913656	0.661874691	1.097118248
0.997064924	170.5226618	0.662942052	1.097096769
0.997085419	171.1374354	0.664012729	1.097075326
0.997105914	171.7580745	0.665086757	1.097053918
0.99712641	172.3846796	0.66616417	1.097032545
0.997146907	173.0173532	0.667245006	1.097011208
0.997167403	173.6562006	0.6683293	1.096989906
0.997187901	174.3013296	0.669417089	1.09696864
0.997208398	174.9528509	0.67050841	1.096947408
0.997228896	175.6108776	0.671603303	1.096926212
0.997249395	176.2755258	0.672701806	1.096905051
0.997269894	176.9469148	0.673803958	1.096883925
0.997290393	177.6251666	0.674909801	1.096862834
0.997310892	178.3104066	0.676019375	1.096841779
0.997331393	179.0027633	0.677132721	1.096820758
0.997351893	179.7023687	0.678249884	1.096799772
0.997372394	180.4093582	0.679370905	1.096778822
0.997392896	181.1238709	0.68049583	1.096757906
0.997413397	181.8460496	0.681624703	1.096737025
0.9974339	182.5760408	0.68275757	1.09671618
0.997454402	183.3139954	0.683894478	1.096695369
0.997474905	184.0600679	0.685035475	1.096674593
0.997495409	184.8144177	0.686180609	1.096653851
0.997515913	185.5772081	0.68732993	1.096633145
0.997536417	186.3486074	0.688483488	1.096612474
0.997556922	187.1287884	0.689641334	1.096591837
0.997577427	187.9179292	0.690803522	1.096571235
0.997597933	188.7162128	0.691970105	1.096550668
0.997618439	189.5238274	0.693141137	1.096530135
0.997638945	190.3409672	0.694316675	1.096509638
0.997659452	191.1678318	0.695496775	1.096489175
0.997679959	192.0046268	0.696681496	1.096468746
0.997700467	192.8515641	0.697870897	1.096448353
0.997720975	193.7088622	0.699065038	1.096427994
0.997741484	194.5767461	0.700263982	1.09640767
0.997761993	195.4554479	0.701467792	1.09638738
0.997782502	196.3452069	0.702676533	1.096367125
0.997803012	197.24627	0.70389027	1.096346905
0.997823522	198.1588921	0.705109072	1.09632672
0.997844033	199.0833361	0.706333008	1.096306569
0.997864544	200.0198737	0.707562148	1.096286452
0.997885055	200.9687853	0.708796564	1.096266371
0.997905567	201.9303608	0.710036332	1.096246324
0.99792608	202.9048997	0.711281525	1.096226311
0.997946592	203.8927116	0.712532223	1.096206334
0.997967106	204.8941169	0.713788505	1.096186391
0.997987619	205.9094469	0.715050451	1.096166482
0.998008133	206.9390444	0.716318146	1.096146609
0.998028648	207.9832644	0.717591674	1.096126769
0.998049162	209.0424746	0.718871123	1.096106965
0.998069678	210.1170559	0.720156583	1.096087195
0.998090194	211.2074029	0.721448146	1.09606746
0.99811071	212.3139249	0.722745906	1.09604776
0.998131226	213.4370464	0.72404996	1.096028094
0.998151743	214.5772079	0.725360408	1.096008463
0.998172261	215.7348666	0.726677351	1.095988867
0.998192778	216.9104972	0.728000895	1.095969306
0.998213297	218.104593	0.729331147	1.095949779
0.998233815	219.3176667	0.730668217	1.095930287
0.998254334	220.5502513	0.73201222	1.09591083
0.998274854	221.8029015	0.733363272	1.095891408
0.998295374	223.0761945	0.734721494	1.095872021
0.998315894	224.3707312	0.736087009	1.095852669
0.998336415	225.6871378	0.737459944	1.095833351
0.998356936	227.0260669	0.738840432	1.095814069
0.998377458	228.3881991	0.740228606	1.095794821
0.99839798	229.7742445	0.741624606	1.095775609
0.998418502	231.1849444	0.743028576	1.095756432
0.998439025	232.6210732	0.744440664	1.095737289
0.998459549	234.0834402	0.745861021	1.095718182
0.998480072	235.5728915	0.747289806	1.09569911
0.998500596	237.0903128	0.748727182	1.095680074
0.998521121	238.6366312	0.750173315	1.095661072
0.998541646	240.212818	0.751628381	1.095642106
0.998562171	241.8198915	0.753092558	1.095623176
0.998582697	243.4589198	0.754566031	1.09560428
0.998603224	245.1310244	0.756048994	1.095585421
0.99862375	246.8373833	0.757541644	1.095566597
0.998644277	248.5792347	0.759044189	1.095547808
0.998664805	250.3578817	0.760556841	1.095529055
0.998685333	252.1746957	0.762079822	1.095510338
0.998705861	254.0311223	0.763613361	1.095491657
0.99872639	255.9286855	0.765157698	1.095473012
0.998746919	257.8689942	0.76671308	1.095454402
0.998767449	259.8537477	0.768279765	1.095435829
0.998787979	261.8847428	0.76985802	1.095417292
0.998808509	263.9638812	0.771448125	1.095398791
0.99882904	266.0931773	0.773050369	1.095380327
0.998849572	268.274767	0.774665056	1.095361899
0.998870103	270.5109179	0.776292501	1.095343508
0.998890636	272.8040391	0.777933034	1.095325153
0.998911168	275.1566938	0.779586999	1.095306835
0.998931701	277.5716116	0.781254757	1.095288554
0.998952235	280.0517029	0.782936682	1.095270309
0.998972769	282.6000753	0.784633171	1.095252102
0.998993303	285.2200501	0.786344636	1.095233933
0.999013838	287.9151831	0.78807151	1.0952158
0.999034373	290.6892851	0.789814251	1.095197705
0.999054908	293.5464473	0.791573336	1.095179648
0.999075444	296.4910678	0.793349269	1.095161629
0.999095981	299.5278824	0.795142582	1.095143648
0.999116517	302.6619988	0.796953834	1.095125704
0.999137055	305.8989354	0.798783617	1.0951078
0.999157592	309.2446652	0.800632557	1.095089933
0.99917813	312.7056651	0.802501316	1.095072106
0.999198669	316.288973	0.804390596	1.095054317
0.999219208	320.0022513	0.806301144	1.095036568
0.999239747	323.8538618	0.808233751	1.095018858
0.999260287	327.8529494	0.810189265	1.095001187
0.999280827	332.0095408	0.812168586	1.094983557
0.999301368	336.334657	0.814172678	1.094965966
0.999321909	340.8404452	0.816202574	1.094948416
0.99934245	345.5403319	0.818259382	1.094930907
0.999362992	350.4492035	0.820344294	1.094913439
0.999383534	355.5836181	0.822458595	1.094896011
0.999404077	360.9620571	0.824603674	1.094878626
0.99942462	366.605224	0.826781035	1.094861283
0.999445164	372.5364037	0.828992313	1.094843981
0.999465708	378.7818941	0.83123929	1.094826723
0.999486252	385.3715315	0.833523913	1.094809508
0.999506797	392.3393316	0.835848318	1.094792337
0.999527342	399.7242797	0.838214857	1.094775209
0.999547888	407.5713132	0.840626131	1.094758127
0.999568434	415.9325526	0.843085026	1.094741089
0.999588981	424.8688607	0.845594765	1.094724098
0.999609528	434.4518393	0.848158959	1.094707153
0.999630075	444.7664154	0.850781685	1.094690255
0.999650623	455.914237	0.853467567	1.094673405
0.999671171	468.0181953	0.856221897	1.094656603
0.99969172	481.228547	0.859050769	1.094639852
0.999712269	495.731354	0.861961272	1.094623151
0.999732818	511.7603581	0.864961731	1.094606501
0.999753368	529.6140843	0.868062039	1.094589905
0.999773918	549.681143	0.871274114	1.094573363
0.999794469	572.4788447	0.874612534	1.094556877
0.99981502	598.7143288	0.878095471	1.094540449
0.999835572	629.3856535	0.881746091	1.09452408
0.999856124	665.9580968	0.885594752	1.094507774
0.999876676	710.6926575	0.889682643	1.094491533
0.999897229	767.3123669	0.894068238	1.09447536
0.999917783	842.5160939	0.898839807	1.094459261
0.999938336	950.0174739	0.904142961	1.094443242
0.99995889	1124.391232	0.910254201	1.094427311
0.999979445	1497.357284	0.917859757	1.094411485
1.000000000	18125.2274	0.932563148	1.094395802
1.00074136	10.85013694	0.940437284	1.093791972
1.001485425	8.173722594	0.942617507	1.093235254
1.002232282	6.924356387	0.944407678	1.092679545
1.0029818	6.154431311	0.94594582	1.09212469
1.003733948	5.615904162	0.94732499	1.091570644
1.004488694	5.210428138	0.948585763	1.091017363
1.005246021	4.890004122	0.949754772	1.090464817
1.006005916	4.627966108	0.950849244	1.089912982
1.006768372	4.408126864	0.95188146	1.089361838
1.007533384	4.219999232	0.95286047	1.088811369
1.008300948	4.056442232	0.953793208	1.088261563
1.009071065	3.91239757	0.954685129	1.087712409
1.009843734	3.78416572	0.955540623	1.087163895
1.010618959	3.668968111	0.956363291	1.086616015
1.011396742	3.564670674	0.95715613	1.086068762
1.012177087	3.469602762	0.957921673	1.085522128
1.012959999	3.382434723	0.958662083	1.084976108
1.013745482	3.302092941	0.959379225	1.084430698
1.014533544	3.227699405	0.960074726	1.083885893
1.015324191	3.158528036	0.960750011	1.08334169
1.016117429	3.093972232	0.961406343	1.082798086
1.016913267	3.033520635	0.962044842	1.082255078
1.017711711	2.976738603	0.962666515	1.081712663
1.018512771	2.923253984	0.963272263	1.08117084
1.019316455	2.872745938	0.963862905	1.080629608
1.020122772	2.824936147	0.964439182	1.080088964
1.020931731	2.779581793	0.965001772	1.079548908
1.021743341	2.7364699	0.965551292	1.079009439
1.022557613	2.695412749	0.966088312	1.078470557
1.023374557	2.656244179	0.966613357	1.077932261
1.024194183	2.618816426	0.96712691	1.077394551
1.025016501	2.582997605	0.967629422	1.076857428
1.025841523	2.548669565	0.968121309	1.076320892
1.026669259	2.515726083	0.96860296	1.075784942
1.027499721	2.484071353	0.96907474	1.075249581
1.028332921	2.453618709	0.969536988	1.074714809
1.02916887	2.424289529	0.969990022	1.074180627
1.03000758	2.396012275	0.970434144	1.073647036
1.030849064	2.368721712	0.970869636	1.073114037
1.031693333	2.342358187	0.971296764	1.072581632
1.032540401	2.316867043	0.97171578	1.072049823
1.03339028	2.292198075	0.972126922	1.071518612
1.034242983	2.268305081	0.972530416	1.070988
1.035098524	2.245145453	0.972926478	1.070457989
1.035956915	2.22267984	0.97331531	1.069928582
1.036818171	2.200871802	0.973697108	1.069399781
1.037682305	2.179687567	0.974072057	1.068871588
1.038549331	2.159095764	0.974440334	1.068344006
1.039419263	2.139067212	0.974802107	1.067817038
1.040292116	2.119574736	0.975157538	1.067290686
1.041167904	2.100592973	0.975506783	1.066764954
1.042046642	2.082098235	0.975849991	1.066239843
1.042928345	2.064068355	0.976187303	1.065715359
1.043813027	2.04648258	0.976518857	1.065191503
1.044700705	2.029321446	0.976844785	1.064668279
1.045591394	2.012566668	0.977165215	1.064145691
1.04648511	1.996201065	0.977480269	1.063623742
1.047381867	1.980208469	0.977790064	1.063102436
1.048281683	1.96457364	0.978094716	1.062581777
1.049184574	1.949282215	0.978394334	1.062061769
1.050090556	1.934320633	0.978689026	1.061542415
1.050999646	1.919676076	0.978978894	1.06102372
1.051911861	1.905336425	0.979264039	1.060505689
1.052827218	1.891290205	0.979544557	1.059988324
1.053745733	1.877526542	0.979820544	1.059471632
1.054667426	1.864035131	0.980092091	1.058955617
1.055592312	1.85080619	0.980359285	1.058440282
1.056520411	1.837830422	0.980622215	1.057925634
1.05745174	1.825098994	0.980880964	1.057411677
1.058386318	1.812603507	0.981135614	1.056898416
1.059324163	1.80033596	0.981386244	1.056385856
1.060265293	1.788288732	0.981632934	1.055874002
1.061209729	1.776454559	0.981875758	1.055362861
1.062157489	1.764826514	0.982114792	1.054852436
1.063108592	1.753397982	0.982350107	1.054342735
1.064063058	1.742162643	0.982581775	1.053833762
1.065020907	1.731114462	0.982809864	1.053325524
1.065982159	1.720247663	0.983034444	1.052818026
1.066946834	1.709556719	0.983255579	1.052311274
1.067914953	1.699036343	0.983473337	1.051805275
1.068886537	1.68868147	0.983687779	1.051300036
1.069861606	1.678487241	0.98389897	1.050795561
1.070840183	1.668448997	0.984106971	1.050291859
1.071822287	1.658562271	0.984311842	1.049788935
1.072807942	1.648822775	0.984513642	1.049286797
1.07379717	1.639226388	0.984712431	1.048785451
1.074789991	1.62976915	0.984908265	1.048284904
1.07578643	1.620447256	0.985101201	1.047785164
1.076786509	1.611257048	0.985291296	1.047286238
1.07779025	1.602195003	0.985478603	1.046788134
1.078797677	1.593257733	0.985663178	1.046290859
1.079808815	1.58444197	0.985845073	1.04579442
1.080823686	1.575744572	0.986024341	1.045298826
1.081842314	1.567162506	0.986201034	1.044804084
1.082864725	1.558692847	0.986375205	1.044310203
1.083890943	1.550332778	0.986546902	1.043817191
1.084920993	1.542079577	0.986716178	1.043325057
1.0859549	1.53393062	0.986883081	1.042833809
1.086992691	1.525883371	0.987047661	1.042343455
1.088034389	1.517935379	0.987209966	1.041854005
1.089080023	1.510084274	0.987370045	1.041365468
1.090129619	1.50232777	0.987527946	1.040877852
1.091183203	1.494663653	0.987683715	1.040391168
1.092240802	1.487089783	0.987837401	1.039905425
1.093302445	1.479604087	0.987989049	1.039420632
1.094368159	1.472204558	0.988138706	1.038936799
1.095437972	1.464889256	0.988286419	1.038453937
1.096511912	1.457656299	0.988432233	1.037972055
1.097590009	1.450503865	0.988576192	1.037491164
1.098672292	1.443430188	0.988718344	1.037011274
1.09975879	1.436433555	0.988858732	1.036532396
1.100849534	1.429512304	0.988997402	1.036054541
1.101944553	1.422664825	0.989134398	1.03557772
1.103043879	1.415889557	0.989269764	1.035101944
1.104147542	1.409184981	0.989403545	1.034627225
1.105255574	1.402549626	0.989535786	1.034153575
1.106368006	1.395982059	0.989666529	1.033681005
1.107484872	1.389480893	0.989795819	1.033209527
1.108606203	1.383044777	0.9899237	1.032739153
1.109732034	1.376672401	0.990050216	1.032269897
1.110862396	1.370362488	0.99017541	1.03180177
1.111997325	1.364113799	0.990299326	1.031334785
1.113136855	1.357925127	0.990422008	1.030868957
1.11428102	1.351795302	0.990543499	1.030404297
1.115429857	1.34572318	0.990663844	1.02994082
1.116583399	1.339707653	0.990783086	1.02947854
1.117741685	1.333747639	0.990901268	1.029017469
1.11890475	1.327842083	0.991018435	1.028557624
1.120072631	1.321989961	0.99113463	1.028099017
1.121245367	1.316190275	0.991249898	1.027641665
1.122422996	1.310442051	0.991364283	1.027185581
1.123605556	1.304744341	0.991477828	1.026730782
1.124793086	1.299096222	0.991590579	1.026277282
1.125985626	1.293496791	0.99170258	1.025825098
1.127183217	1.287945169	0.991813875	1.025374246
1.128385899	1.282440499	0.99192451	1.024924741
1.129593714	1.276981947	0.992034529	1.024476601
1.130806703	1.271568695	0.992143978	1.024029843
1.132024909	1.266199948	0.992252902	1.023584484
1.133248376	1.260874928	0.992361347	1.023140541
1.134477147	1.255592876	0.99246936	1.022698032
1.135711266	1.250353053	0.992576986	1.022256975
1.136950779	1.245154733	0.992684272	1.02181739
1.13819573	1.239997211	0.992791265	1.021379294
1.139446167	1.234879796	0.992898012	1.020942706
1.140702136	1.229801813	0.993004561	1.020507647
1.141963684	1.224762602	0.993110959	1.020074136
1.143230861	1.219761519	0.993217256	1.019642193
1.144503715	1.214797933	0.993323498	1.019211839
1.145782295	1.209871228	0.993429737	1.018783094
1.147066653	1.204980801	0.99353602	1.018355981
1.148356839	1.200126063	0.993642399	1.01793052
1.149652906	1.195306435	0.993748923	1.017506733
1.150954906	1.190521354	0.993855643	1.017084644
1.152262892	1.185770266	0.99396261	1.016664275
1.153576919	1.181052632	0.994069877	1.016245649
1.154897042	1.17636792	0.994177496	1.01582879
1.156223317	1.171715613	0.994285519	1.015413722
1.157555802	1.167095202	0.994394	1.01500047
1.158894553	1.16250619	0.994502994	1.014589059
1.160239629	1.15794809	0.994612554	1.014179515
1.16159109	1.153420423	0.994722736	1.013771862
1.162948997	1.148922722	0.994833596	1.013366129
1.16431341	1.144454527	0.994945191	1.012962342
1.165684392	1.140015389	0.995057577	1.012560527
1.167062008	1.135604865	0.995170814	1.012160715
1.16844632	1.131222525	0.995284958	1.011762932
1.169837395	1.126867943	0.995400071	1.011367209
1.171235298	1.122540704	0.995516211	1.010973574
1.172640099	1.118240399	0.995633441	1.010582059
1.174051865	1.113966628	0.995751821	1.010192694
1.175470666	1.109718998	0.995871416	1.009805509
1.176896574	1.105497122	0.995992287	1.009420539
1.17832966	1.101300621	0.996114501	1.009037814
1.179769999	1.097129124	0.996238121	1.00865737
1.181217664	1.092982264	0.996363215	1.008279238
1.182672732	1.088859683	0.99648985	1.007903455
1.18413528	1.084761029	0.996618094	1.007530055
1.185605387	1.080685954	0.996748016	1.007159076
1.187083132	1.076634118	0.996879688	1.006790552
1.188568598	1.072605186	0.99701318	1.006424523
1.190061866	1.06859883	0.997148566	1.006061026
1.191563022	1.064614725	0.997285919	1.005700101
1.19307215	1.060652555	0.997425314	1.005341787
1.194589339	1.056712006	0.997566829	1.004986125
1.196114678	1.052792769	0.997710539	1.004633158
1.197648256	1.048894543	0.997856526	1.004282926
1.199190166	1.045017029	0.998004867	1.003935475
1.200740503	1.041159934	0.998155647	1.003590847
1.20229936	1.037322969	0.998308947	1.003249089
1.203866837	1.03350585	0.998464852	1.002910247
1.205443033	1.029708297	0.998623449	1.002574367
1.207028048	1.025930034	0.998784825	1.002241498
1.208621985	1.02217079	0.99894907	1.001911689
1.210224951	1.018430297	0.999116274	1.001584991
1.211837051	1.014708291	0.999286531	1.001261455
1.213458395	1.011004515	0.999459935	1.000941133
1.215089095	1.007318713	0.999636582	1.00062408
1.216729264	1.003650622	0.99981657	1.00031035
1.218379017	1	1	1
