0.005 2.56706021084449 3.04688243587127 0.0029986732722933 10.9201544316237
0.01 2.56709683565261 3.04673925552683 0.00599985361177374 10.9185412089817
0.015 2.56715766809725 3.04650040747818 0.00900046896113524 10.9158525192077
0.02 2.56724262731768 3.04616576780238 0.0120013746276058 10.9120883663503
0.025 2.56735154861966 3.04573512676605 0.015002794620779 10.9072487544868
0.03 2.56748420615152 3.04520821104275 0.0180048830421981 10.9013336895984
0.035 2.56764030930404 3.04458467983214 0.0210077829729206 10.8943431893402
0.04 2.56781955268192 3.04386417613002 0.0240116350037681 10.886277310928
0.045 2.56802156126615 3.04304627174229 0.0270165749080692 10.8771361214086
0.05 2.56824586850309 3.04213045733687 0.0300227384162468 10.8669197031434
0.055 2.56849196358155 3.04111618436608 0.0330302603626998 10.8556281756728
0.06 2.5687593357611 3.04000290435299 0.036039275587902 10.8432617038532
0.065 2.5690474738783 3.03879006844721 0.0390499189268815 10.829820489795
0.07 2.56935570261387 3.03747698088986 0.0420623230534765 10.8153047161038
0.075 2.56968328307434 3.03606289946678 0.0450766200618607 10.7997146754762
0.08 2.5700294511874 3.0345470731259 0.0480929417258695 10.7830506525543
0.085 2.57039341359643 3.03292872517851 0.0511114194181551 10.765313056392
0.09 2.57077437710183 3.03120707903762 0.0541321845141263 10.7465023587747
0.095 2.57117148815286 3.02938131112883 0.0571553674675762 10.7266190533451
0.1 2.57158368782647 3.02745044274103 0.0601810956977098 10.7056637129746
0.105 2.57200996339378 3.0254135509385 0.0632094972058665 10.6836370345643
0.11 2.57244922602519 3.02326965734356 0.0662406987636843 10.6605397828829
0.115 2.5729003873976 3.02101778398148 0.0692748271504055 10.6363728201368
0.12 2.57336235888921 3.01865695268848 0.0723120091389433 10.6111371241581
0.125 2.57383387285698 3.01618606575117 0.0753523680599869 10.5848337259456
0.13 2.57431358805813 3.01360399029406 0.0783960258975859 10.5574638301586
0.135 2.57480014554479 3.01090959715665 0.0814431041176303 10.5290287316559
0.14 2.57529214804393 3.00810173213656 0.0844937234249183 10.4995298792344
0.145 2.57578819741638 3.00517924049704 0.087548004505632 10.4689688954077
0.15 2.57628688887479 3.00214096373482 0.0906060678908285 10.4373474986223
0.155 2.57678650553374 2.99898557019365 0.0936680268956223 10.4046675257025
0.16 2.57728546422862 2.99571182447419 0.0967339979452816 10.3709310354306
0.165 2.57778204799529 2.99231842435961 0.0998040942060033 10.3361402385333
0.17 2.57827454187789 2.98880406872449 0.102878428892188 10.3002975707126
0.175 2.57876123188638 2.98516745690405 0.105957115243915 10.2634055670006
0.18 2.57924032176159 2.98140725051341 0.109040264274015 10.2254670134124
0.185 2.57970978634416 2.97752201419835 0.112127980905375 10.1864849137669
0.19 2.5801676786708 2.97351037166224 0.115220372050462 10.1464624571935
0.195 2.58061195985428 2.96937090796324 0.118317542068476 10.105403050732
0.2 2.58104059240344 2.96510220879177 0.12141959535707 10.063310347658
0.205 2.58145154138201 2.96070286074194 0.124526636392068 10.020188250406
0.21 2.58184260137568 2.95617139151492 0.127638764425059 9.9760408702613
0.215 2.58221146174989 2.95150630717319 0.130756075562605 9.93087258357012
0.22 2.58255581229054 2.94670613585403 0.133878665738258 9.88468805661261
0.225 2.58287329154011 2.94176938932754 0.13700662928215 9.8374922378844
0.23 2.583161537004 2.93669457901944 0.140140060492096 9.78929034905103
0.235 2.58341818593108 2.93148021631302 0.143279053656528 9.74008787188413
0.24 2.58364066167849 2.92612476625165 0.146423695709909 9.68989064839846
0.245 2.58382634649026 2.92062670545601 0.149574072200208 9.63870478323879
0.25 2.5839725958885 2.91498452651722 0.152730267524605 9.58653672406201
0.255 2.58407672664342 2.90919671433776 0.155892364724004 9.53339323048578
0.26 2.58413605474162 2.90326175364325 0.159060446812299 9.47928142564647
0.265 2.58414789692922 2.89717812922931 0.162234596832282 9.42420876117831
0.27 2.58410935559751 2.89094431299661 0.165414889523946 9.36818302024267
0.275 2.58401750060769 2.88455879785708 0.168601398354375 9.31121242370861
0.28 2.58386938093974 2.87802010271384 0.171794195653193 9.25330549102352
0.285 2.58366200486892 2.87132674510908 0.174993352141938 9.19447114246315
0.29 2.58339237980546 2.86447724250717 0.178198938509116 9.13471867754982
0.295 2.58305751552096 2.85747011199222 0.181411025549366 9.07405780121568
0.3 2.5826542802756 2.85030389255604 0.184629677752766 9.01249859483113
0.305 2.58217940792812 2.84297716195438 0.187854953633053 8.95005160382188
0.31 2.58162970099795 2.8354885284427 0.191086914231725 8.88672776060907
0.315 2.58100188703144 2.82783661609264 0.194325617155651 8.82253843038066
0.32 2.58029269414099 2.82002004894543 0.197571120035777 8.75749536805391
0.325 2.57949884966333 2.81203745143484 0.200823480461264 8.69161078332582
0.33 2.57861705393389 2.80388746141904 0.20408275457311 8.62489732047825
0.335 2.57764373489471 2.7955688601315 0.207348983968208 8.5573681143729
0.34 2.57657551121931 2.78708038885951 0.21062221971712 8.48903671280358
0.345 2.57540888108794 2.77842086751321 0.213902506030621 8.41991712446251
0.35 2.57414034685345 2.76958911376329 0.217189887347818 8.35002380304026
0.355 2.57276641116941 2.76058394512619 0.220484408124019 8.27937164101121
0.36 2.57128357589749 2.7514041801863 0.223786112753234 8.20797600928765
0.365 2.56968818395524 2.74204882746316 0.227095034265044 8.13585284089997
0.37 2.56797661932702 2.73251690140436 0.230411207827176 8.06301845562531
0.375 2.56614525975097 2.72280747602238 0.233734666985024 7.98948964867744
0.38 2.56419046392256 2.71291964935992 0.237065443873308 7.9152836835456
0.385 2.56210858989263 2.70285252024677 0.240403570579549 7.84041823630722
0.39 2.55989599531366 2.69260518898888 0.243749079134739 7.76491150026727
0.395 2.55754896677337 2.68217699527654 0.247101992387367 7.68878224282125
0.4 2.55506381522337 2.67156729411368 0.250462334270537 7.61204960082851
0.405 2.55243685896546 2.66077550897042 0.253830127322138 7.53473317347697
0.41 2.54966440915722 2.64980108976104 0.257205393080597 7.45685301766044
0.415 2.54674277670569 2.63864348855402 0.260588153015955 7.37842960743727
0.42 2.54366827336312 2.62730219782588 0.263978427535378 7.29948393409145
0.425 2.540437222808 2.61577706082477 0.267376228211354 7.22003749138378
0.43 2.53704597407102 2.60406780180765 0.270781571211224 7.14011211915436
0.435 2.53349088801805 2.59217428671819 0.27419446933454 7.05973012542329
0.44 2.52976832544444 2.58009637722649 0.27761493549454 6.97891419073499
0.445 2.52587465021014 2.56783394708232 0.281042982392404 6.8976874269481
0.45 2.52180630527946 2.55538719173248 0.284478617108178 6.81607346071472
0.455 2.51755975462245 2.54275631704191 0.287921847586514 6.73409623769566
0.46 2.5131314986312 2.52994162728883 0.291372680552032 6.65178005370062
0.465 2.50851804156558 2.51694344183425 0.294831122466059 6.56914958363612
0.47 2.50371589384551 2.50376209498453 0.298297179616866 6.48622985314491
0.475 2.49872170929612 2.49039826420521 0.301770854495489 6.40304633028414
0.48 2.49353216693065 2.47685265150769 0.305252150156136 6.31962477462819
0.485 2.48814399501265 2.46312605480598 0.308741068961633 6.23599121383016
0.49 2.4825539269041 2.44921928435392 0.312237613132309 6.15217194038097
0.495 2.47675875115314 2.43513325012843 0.315741784278487 6.06819361627703
0.5 2.47075544248021 2.42086919114564 0.319253582289401 5.98408317436454
0.505 2.46454099488144 2.40642835188416 0.322773007825075 5.89986772933521
0.51 2.45811245542552 2.39181206759301 0.326300061105821 5.8155746163306
0.515 2.45146686946399 2.37702167049362 0.329834742368924 5.73123135810777
0.52 2.44460149810389 2.36205881077257 0.333377051513216 5.64686576113964
0.525 2.43751369254702 2.34692525753907 0.336926988859675 5.56250573963015
0.53 2.43020086851437 2.3316228616537 0.340484555066315 5.47817930735915
0.535 2.42266045463086 2.31615349290676 0.344049750771087 5.39391457797907
0.54 2.41489007280197 2.30051926800809 0.347622577457469 5.30973983135603
0.545 2.40688749159014 2.28472247990168 0.351203037720467 5.22568337671268
0.55 2.39865056427072 2.26876551857239 0.354791134943117 5.14177352919691
0.555 2.39017715324876 2.25265078575177 0.358386872544925 5.05803859726805
0.56 2.38146535071169 2.23638094457757 0.361990256050519 4.97450696316605
0.565 2.37251341869491 2.21995884144602 0.365601293019757 4.89120691525654
0.57 2.36331972148586 2.2033874286048 0.369219992402074 4.80816665022411
0.575 2.35388263265182 2.1866696690916 0.372846363221717 4.72541422218195
0.58 2.34420079284523 2.16980880065692 0.376480418147485 4.64297765482768
0.585 2.33427303441911 2.15280824904683 0.380122172989872 4.56088477082428
0.59 2.32409831101514 2.13567155477596 0.383771645742666 4.47916317941585
0.595 2.31367558600445 2.11840226865154 0.387428854516765 4.39784024147791
0.6 2.30300412286733 2.10100422378491 0.391093822895322 4.31694316098763
0.605 2.29208340382318 2.08348145044921 0.394766579066416 4.23649880916056
0.61 2.28091304736733 2.06583809753632 0.398447154358455 4.15653372985816
0.615 2.2694926851074 2.04807832648387 0.402135580322991 4.07707408100452
0.62 2.25782227675458 2.03020658337816 0.405831896176872 3.99814573900607
0.625 2.24590203428757 2.01222752567313 0.409536147730216 3.91977414587883
0.63 2.23373229327417 1.99414590995645 0.413248384435542 3.84198428385875
0.635 2.22131342866756 1.97596652597951 0.416968656762945 3.76480063281531
0.64 2.20864621114979 1.95769448356536 0.420697026700129 3.68824726381366
0.645 2.19573163063816 1.93933506103942 0.424433563760742 3.61234767911527
0.65 2.18257079764127 1.92089362977062 0.428178341562953 3.53712477174583
0.655 2.16916488608361 1.90237560997576 0.431931435913138 3.46260087285086
0.66 2.1555155794525 1.88378680901514 0.435692941036898 3.38879775973787
0.665 2.14162469299266 1.86513312583886 0.439462957550108 3.3157365116732
0.67 2.12749415759867 1.84642054554165 0.443241590597245 3.24343749195879
0.675 2.11312606505069 1.82765516998822 0.447028952313262 3.17192040643756
0.68 2.09852302281399 1.80884347180188 0.450825178239298 3.10120425389757
0.685 2.08368774109268 1.78999199110421 0.454630410556667 3.03130722925307
0.69 2.06862301136605 1.77110732646384 0.458444795153793 2.96224672538839
0.695 2.05333197231417 1.75219631814278 0.462268496628062 2.89403939411094
0.7 2.03781814081071 1.73326606599924 0.466101701926946 2.82670104059893
0.705 2.0220851680897 1.7143237599055 0.469944607347689 2.76024656648572
0.71 2.00613678226356 1.69537664248946 0.473797413872889 2.69468998708171
0.715 1.98997723051437 1.67643230815627 0.477660357449227 2.63004449511849
0.72 1.97361097992433 1.65749849830831 0.481533692386443 2.56632231534578
0.725 1.95704261506748 1.6385830335537 0.485417681917096 2.50353470244419
0.73 1.94027693716874 1.61969388034536 0.489312606941876 2.44169198042276
0.735 1.92331927556387 1.60083936140858 0.4932187943167 2.38080351477352
0.74 1.90617508564557 1.58202788611858 0.497136585666813 2.32087762426121
0.745 1.88884990441136 1.56326791908348 0.501066329869828 2.26192159602322
0.75 1.8713497708433 1.54456826850336 0.505008427629004 2.2039417712108
0.755 1.85368099741921 1.52593793643119 0.508963313645581 2.14694339748588
0.76 1.83585003976728 1.50738602605202 0.5129314399889 2.09093061963312
0.765 1.81786356103206 1.48892178839258 0.51691328492581 2.035906537201
0.77 1.79972876399511 1.47055486769936 0.520909399817829 1.98187318592656
0.775 1.78145299048962 1.45229502037059 0.524920360697438 1.92883145492286
0.78 1.76304368589187 1.43415207981497 0.52894675846901 1.87678109971122
0.785 1.74450883954197 1.41613630341241 0.532989272183584 1.8257208039946
0.79 1.72585667680005 1.39825815409561 0.537048627914962 1.77564804294609
0.795 1.7070955382091 1.3805281904516 0.541125572800162 1.72655909484945
0.8 1.6882341928727 1.36295734154328 0.545220938483591 1.67844912883396
0.805 1.6692817516375 1.34555686280389 0.549335634089607 1.63131208189794
0.81 1.65024746630744 1.32833814546496 0.553470601103641 1.58514061174725
0.815 1.63114092649962 1.31131291546838 0.557626861951344 1.53992616794193
0.82 1.61197215960084 1.29449336797412 0.561805553469857 1.49565891173094
0.825 1.5927513233649 1.27789185304528 0.566007850693475 1.45232763977875
0.83 1.57348895666772 1.26152116042647 0.570235037136931 1.40991985482035
0.835 1.55419599429252 1.24539458861715 0.574488520716626 1.36842162841897
0.84 1.53488353947525 1.22952565995539 0.578769763974063 1.32781751255022
0.845 1.51556313990214 1.21392851021177 0.583080378833284 1.28809059937382
0.85 1.49624671476125 1.19861784550292 0.587422112483836 1.24922232025916
0.855 1.476946387011 1.1836086915402 0.591796787706907 1.21119237874107
0.86 1.45767483644843 1.16891699806674 0.596206441818507 1.17397870471424
0.865 1.43844500657961 1.15455920075461 0.600653220527088 1.13755717061134
0.87 1.41927025572026 1.14055250254456 0.605139440524415 1.10190156220514
0.875 1.40016444136035 1.12691510197177 0.609667631852453 1.06698327830998
0.88 1.38114172899133 1.11366584105448 0.614240459168117 1.03277108018662
0.885 1.36221693276578 1.10082498050126 0.618860874886366 0.999230860385023
0.89 1.34340519674635 1.08841355062124 0.62353198056143 0.966325107840958
0.895 1.32472235464851 1.07645423358694 0.628257190579743 0.934012618019364
0.9 1.30618471114785 1.06497090323971 0.633040133886376 0.902247727391041
0.905 1.28780929775188 1.0539893336837 0.63788476999162 0.870979736878172
0.91 1.26961374210044 1.04353692067533 0.642795327414066 0.840151835367892
0.915 1.25161651960966 1.03364344722746 0.647776413337369 0.809700089903929
0.92 1.23383683083675 1.02434080824634 0.652832953012141 0.779551795457095
0.925 1.21629491324416 1.01566401370271 0.657970317300995 0.749623671260182
0.93 1.19901188158599 1.00765079190743 0.663194243688579 0.71981919619685
0.935 1.18201010129138 1.00034284226498 0.66851097813635 0.690025308923715
0.94 1.16531314747208 0.993785829045722 0.673927238425438 0.660107807106646
0.945 1.14894598691953 0.988030071933362 0.679450266468316 0.629904967515767
0.95 1.13293527325163 0.983131687583823 0.685087910364752 0.59921871201615
0.955 1.11730942479629 0.979153011746088 0.690848619318351 0.567801517871838
0.96 1.10209890467709 0.976163741529605 0.696741504692111 0.535336826076075
0.965 1.08733659606306 0.97424250243091 0.702776414948543 0.501408395358227
0.97 1.0730580722635 0.973478092473627 0.708963962889407 0.46544938187077
0.975 1.05930200002061 0.973971281875605 0.715315581287566 0.426652266390075
0.98 1.04611066742068 0.975837200854964 0.72184359060112 0.383793856263089
0.985 1.03353051751642 0.979207874134054 0.728561246014449 0.334848586951269
0.99 1.02161289117557 0.984235761378765 0.735482807303302 0.275945873258316
0.995 1.01041482722975 0.991097727967915 0.742623590005042 0.197332550677973
1 1 1 0.75 0
