0.005 0.887565232934633 0.628732617875432 0.00299898470358049 0.73806921333846
0.01 0.887572788762465 0.628714984577474 0.00599984892877065 0.7380239131739
0.015 0.887585351587311 0.628685578440329 0.00900025164239969 0.737948416488597
0.02 0.887602913440416 0.628644392149717 0.0120008065415995 0.737842729984618
0.025 0.887625453252824 0.628591411430743 0.0150016576661519 0.737706860004484
0.03 0.887652944922345 0.628526619162321 0.0180029082187243 0.737540816506027
0.035 0.887685353285371 0.628449993633967 0.0210046420044142 0.737344611908114
0.04 0.887722636001254 0.628361510042336 0.0240069430460717 0.737118261785273
0.045 0.887764749837324 0.62826114318566 0.0270098943738662 0.736861787251723
0.05 0.887811645953533 0.62814886373814 0.0300135774321112 0.736575211149171
0.055 0.88786326314674 0.628024638077816 0.0330180732466934 0.736258557767049
0.06 0.887919525329758 0.627888429560382 0.0360234624297075 0.735911852980505
0.065 0.887980355809645 0.627740201295051 0.0390298254991839 0.735535128146127
0.07 0.888045677893836 0.627579916390638 0.0420372429729358 0.735128415289643
0.075 0.888115414885937 0.627407537954496 0.0450457953685879 0.734691752885948
0.08 0.888189490031552 0.627223029072537 0.048055563201183 0.734225179446481
0.085 0.888267824668291 0.62702635213947 0.051066626900173 0.733728736948588
0.09 0.888350264132822 0.626817441572403 0.0540790636020557 0.73320247227638
0.095 0.888436721948351 0.626596261590491 0.0570929535727878 0.732646438058096
0.1 0.888527070177981 0.626362764842934 0.0601083751148934 0.732060688068654
0.105 0.88862118145544 0.626116904174193 0.0631254065570829 0.731445281000528
0.11 0.888718928457339 0.62585863244343 0.066144126230032 0.730800278794143
0.115 0.888820183860466 0.62558790251033 0.0691646124643812 0.730125750354461
0.12 0.888924820297065 0.625304667226042 0.0721869435880952 0.729421765338353
0.125 0.889032709712983 0.625008879309471 0.0752111978879869 0.72868840069353
0.13 0.889143657699461 0.62470047822686 0.0782374497814122 0.727925733094219
0.135 0.889257508679419 0.624379415243124 0.0812657760678154 0.72713384726097
0.14 0.889374092660091 0.624045643665618 0.0842962524942059 0.72631283206732
0.145 0.889493230171606 0.623699115057218 0.0873289542364615 0.725462784865192
0.15 0.88961474165187 0.623339780962003 0.0903639564649996 0.724583804053609
0.155 0.889738447534428 0.622967592922714 0.0934013343500251 0.723675993044646
0.16 0.889864168287947 0.622582502482755 0.0964411630644905 0.722739459005131
0.165 0.889991724894654 0.622184461196546 0.0994835178213848 0.721774318811889
0.17 0.890120898247805 0.621773419713452 0.102528470727852 0.720780693833995
0.175 0.890251452971398 0.62134933043848 0.105576092774328 0.719758710447594
0.18 0.89038318261598 0.620912153505325 0.108626457022979 0.718708499304919
0.185 0.89051585619238 0.620461849410171 0.111679634579066 0.717630200049328
0.19 0.890649242651872 0.619998378654206 0.114735696542849 0.71652395982389
0.195 0.890783110940321 0.619521701739187 0.117794714014124 0.715389928054761
0.2 0.890917229988185 0.619031779169823 0.120856758091211 0.714228260128017
0.205 0.891051368509943 0.618528571492705 0.123921899851729 0.713039118931555
0.21 0.891185291813041 0.618012039914923 0.126990210046812 0.711822676517706
0.215 0.891318679845346 0.61748216256508 0.130061751339863 0.71057910959113
0.22 0.891451299373901 0.616938908102331 0.133136594694172 0.709308602630566
0.225 0.891582869583796 0.616382258832808 0.136214806361021 0.708011345995692
0.23 0.891713110687871 0.615812196828416 0.139296452691873 0.706687536457026
0.235 0.891841742990302 0.615228704140535 0.142381600047086 0.705337383282002
0.24 0.891968486804782 0.614631762817545 0.145470314787993 0.703961098850549
0.245 0.892093062486689 0.614021354886135 0.148562663280705 0.702558902161402
0.25 0.892215190977942 0.613397462065741 0.151658711958703 0.701131023618882
0.255 0.892334557060697 0.612760084902015 0.154758523123563 0.699677702277052
0.26 0.892450827635508 0.612109236380185 0.157862157149212 0.698199184982149
0.265 0.892563705861108 0.611444920891323 0.160969678380333 0.696695722068104
0.27 0.89267287030745 0.610767156997216 0.164081148297133 0.695167576709519
0.275 0.892777999741296 0.610075963166259 0.167196628402072 0.69361501983805
0.28 0.892878772943884 0.609371357859799 0.170316180199256 0.692038327611562
0.285 0.892974868700697 0.608653359534692 0.173439865193354 0.690437782562743
0.29 0.893065965842898 0.607921986590931 0.176567744895444 0.688813681161854
0.295 0.893151730803149 0.607177271382524 0.179699879137016 0.687166330974936
0.3 0.89323179011175 0.60641929303097 0.182836322415883 0.685496050822589
0.305 0.89330581694702 0.605648091588025 0.185977135386438 0.68380316142541
0.31 0.893373460366096 0.604863737662759 0.189122375353585 0.682087994688967
0.315 0.893434370118908 0.604066301072308 0.192272099716658 0.680350896698083
0.32 0.893488196007568 0.603255851570982 0.195426365882175 0.678592215146208
0.325 0.893534587868802 0.602432458828396 0.198585231262348 0.676812307475315
0.33 0.893573195971695 0.601596191391591 0.201748753341946 0.675011544262954
0.335 0.893603649845805 0.600747171817691 0.204916986132071 0.673190309189248
0.34 0.893625585422185 0.599885515224071 0.208089984663579 0.671348991427396
0.345 0.893638642999859 0.599011345463815 0.211267804406561 0.669487991986383
0.35 0.893642458685481 0.598124798675907 0.214450500103179 0.667607724086821
0.355 0.893636668448134 0.597226011387245 0.217638126471946 0.665708605509451
0.36 0.893620908247375 0.596315120141583 0.220830738229886 0.663791061059832
0.365 0.893594814047445 0.595392261327775 0.22402839009698 0.661855531207799
0.37 0.893558020229979 0.594457597016027 0.227231136194689 0.659902468027031
0.375 0.893510157702666 0.59351135722586 0.230439029189021 0.657932332613532
0.38 0.89345086681407 0.592553722877228 0.23365212383307 0.655945592750691
0.385 0.89337978698144 0.591584914981936 0.236870474163553 0.65394273460388
0.39 0.893296557683664 0.590605153424452 0.24009413424241 0.651924249513148
0.395 0.893200818392666 0.589614657939224 0.243323158132707 0.649890633476971
0.4 0.893092208419452 0.588613647277899 0.246557599887918 0.647842395876375
0.405 0.892970375404073 0.58760239182916 0.249797514043755 0.645780064520445
0.41 0.892834974342659 0.586581200448031 0.253042955680564 0.643704166497841
0.415 0.892685662302183 0.585550364407933 0.256293980511194 0.641615242578361
0.42 0.892522101409349 0.584510202407551 0.259550644608133 0.639513850023713
0.425 0.892343953743287 0.583461032791451 0.262813004042147 0.63740054919637
0.43 0.892150881526975 0.582403174327122 0.266081114900685 0.635275908027255
0.435 0.891942550085779 0.581336955237274 0.269355033624966 0.633140511255255
0.44 0.891718660991817 0.580262814360244 0.272634820773175 0.630994956767696
0.445 0.891478901430875 0.579181136293884 0.275920535484629 0.628839838520232
0.45 0.89122297606493 0.578092353227407 0.279212239025364 0.626675767137114
0.455 0.890950589654133 0.576996897687098 0.282509992671722 0.624503364343418
0.46 0.890661447142864 0.575895202595429 0.285813857725389 0.622323256333921
0.465 0.890355257903958 0.574787710570566 0.289123896092267 0.620136085288909
0.47 0.890031784429302 0.573674980906445 0.292440176894709 0.617942508784164
0.475 0.889690772238923 0.572557529842824 0.295762767118157 0.615743178638167
0.48 0.889331989303623 0.571435919297759 0.299091736935466 0.613538759125821
0.485 0.888955204104917 0.570310712337283 0.302427156588056 0.611329922672316
0.49 0.888560184929191 0.569182471687146 0.305769096287146 0.609117347428616
0.495 0.888146723839832 0.568051802755106 0.30911762986059 0.606901730494693
0.5 0.887714665869865 0.566919405817914 0.31247283918237 0.604683778514276
0.505 0.887263844076707 0.565785954986651 0.315834804548062 0.602464194093371
0.51 0.88679411349206 0.564652162815362 0.31920360965348 0.600243692798592
0.515 0.886305328697146 0.563518741020815 0.322579338127667 0.598022990085644
0.52 0.885797348422497 0.562386407808966 0.325962074289673 0.595802811224317
0.525 0.885270110671968 0.561256006260167 0.329351915564906 0.593583902279077
0.53 0.884723548847969 0.560128370222805 0.332748958790458 0.591367003052713
0.535 0.884157623421747 0.559004374072782 0.336153305466578 0.589152859997148
0.54 0.883572297636541 0.55788489652887 0.339565057553985 0.586942225379598
0.545 0.882967535293367 0.556770817115093 0.342984317112838 0.584735851503687
0.55 0.882343386585243 0.555663139468854 0.346411201589268 0.582534511274588
0.555 0.881699912995415 0.554562882901861 0.349845830572671 0.580338977393625
0.56 0.881037203016905 0.553471103934151 0.353288328700804 0.578150016215463
0.565 0.880355350869849 0.55238886722136 0.356738821643407 0.575968399499958
0.57 0.879654460244893 0.551317250225424 0.360197436866201 0.57379490420085
0.575 0.8789347383681 0.55025747066776 0.363664321472226 0.57163032126752
0.58 0.878196398506257 0.549210754067869 0.367139623991003 0.56947544241462
0.585 0.877439687665054 0.548178370953018 0.370623499513695 0.567331050950909
0.59 0.876664853544089 0.547161592799706 0.374116103260301 0.565197930745185
0.595 0.875872184905368 0.546161744452181 0.377617598710137 0.563076867400212
0.6 0.87506208545727 0.54518030101218 0.381128172489283 0.560968653866295
0.605 0.874234953851398 0.544218731219156 0.384648010545448 0.558874080528955
0.61 0.873391220106602 0.543278544408909 0.388177305207484 0.556793931548137
0.615 0.87253132378167 0.542361262036382 0.391716250830681 0.554728994117273
0.62 0.871655832547456 0.541468569296518 0.395265068844021 0.552680056366873
0.625 0.870765342250227 0.540602188905818 0.398823986941997 0.550647899628626
0.63 0.869860486380955 0.539763891710238 0.402393240943283 0.548633297369666
0.635 0.868941898117696 0.538955448167183 0.405973066584671 0.546637015710445
0.64 0.868010341587434 0.538178794834374 0.409563728538263 0.5446598297569
0.645 0.867066635048823 0.537435939402994 0.413165503578176 0.542702495575056
0.65 0.866111640598153 0.536728946064476 0.4167786784141 0.540765759945429
0.655 0.865146232813914 0.536059894862506 0.420403542575826 0.538850359045691
0.66 0.864171421054524 0.535431038320939 0.424040416421423 0.536957038817311
0.665 0.86318828492252 0.534844721999726 0.427689636577204 0.535086517534922
0.67 0.862197944079863 0.534303343578463 0.43135154897632 0.533239496344907
0.675 0.861201543034547 0.533809332826789 0.435026505385282 0.531416661248549
0.68 0.860200410273203 0.533365359353575 0.438714900837441 0.529618696306015
0.685 0.859195922793766 0.53297416044495 0.442417141927398 0.527846262177135
0.69 0.858189499634936 0.532638528566374 0.446133645206659 0.526099988286537
0.695 0.857182629185527 0.532361348215911 0.449864843884015 0.524380487772501
0.7 0.856177000953993 0.532145774292127 0.453611219369496 0.522688353029296
0.705 0.855174335883739 0.531995008079555 0.457373260641555 0.521024144411428
0.71 0.85417640300476 0.531912315554994 0.461151468294755 0.519388388004534
0.715 0.85318516742748 0.531901232422394 0.464946390415592 0.517781586628629
0.72 0.852202695188228 0.531965438935333 0.468758599367935 0.516204190896719
0.725 0.851231094108105 0.532108673809304 0.472588677639784 0.514656604916849
0.73 0.85027265167908 0.53233492978336 0.476437251359594 0.513139210138388
0.735 0.849329817442929 0.53264843626056 0.4803049855637 0.511652321511257
0.74 0.848405110343672 0.533053524195694 0.484192561975516 0.510196180091355
0.745 0.847501174010052 0.53355470699719 0.488100692396266 0.50877097515167
0.75 0.846620909451189 0.534156881456789 0.492030150133406 0.507376834274683
0.755 0.84576728139363 0.534865043798626 0.495981723360163 0.506013784470698
0.76 0.844943422814557 0.535684444992748 0.499956240210131 0.504681768385936
0.765 0.844152718031815 0.536620725835735 0.503954587550234 0.503380625466742
0.77 0.84339864610826 0.537679676755075 0.507977674104586 0.502110068186907
0.775 0.842684914342818 0.53886744789553 0.512026461343975 0.500869705997526
0.78 0.842015494465349 0.540190616859755 0.516101970459981 0.499658991518492
0.785 0.841394465685309 0.54165593635055 0.520205246736199 0.498477186699791
0.79 0.840826219422118 0.543270671608721 0.524337404855229 0.497323401875806
0.795 0.840315406068374 0.54504252348142 0.528499615471467 0.496196530627518
0.8 0.839866838938413 0.546979468256417 0.53269308420284 0.49509521929324
0.805 0.839485744685786 0.549090190512898 0.536919103751192 0.494017853528207
0.81 0.839177535495716 0.551383699996911 0.541179004648362 0.492962494882434
0.815 0.838947984832492 0.553869641481159 0.545474190651586 0.491926889239461
0.82 0.838803248478981 0.556558345199891 0.549806140478337 0.490908365958857
0.825 0.838749710094235 0.559460554193648 0.554176376669918 0.489903785997216
0.83 0.838794313432554 0.562588038466088 0.558586526986019 0.488909514384843
0.835 0.838944257024621 0.56595304546767 0.563038264939974 0.487921301676778
0.84 0.839207309217047 0.56956889731577 0.567533364864134 0.486934235699272
0.845 0.839591617430122 0.573449643153051 0.572073665577814 0.485942573352366
0.85 0.840105903792554 0.577610447807504 0.576661100779405 0.484939680429739
0.855 0.840759419021631 0.582067517241795 0.581297688121788 0.483917829622242
0.86 0.841561995746616 0.586838220568467 0.585985534050739 0.482868086014688
0.865 0.842524135789402 0.591941281386139 0.590726843336491 0.481780041409695
0.87 0.843657010748856 0.597396801697629 0.595523914309443 0.480641619130217
0.875 0.844972551051462 0.603226463670963 0.600379147194636 0.47943872402362
0.88 0.846483509770483 0.609453692231336 0.605295046476445 0.478154957039314
0.885 0.848203492729967 0.616103740340732 0.610274220039338 0.476771109090081
0.89 0.85014711660392 0.623204066032169 0.615319390666319 0.47526471412696
0.895 0.852329960131675 0.630784252698586 0.620433384964998 0.473609349917129
0.9 0.854768851802958 0.638876690433192 0.625619155553519 0.47177390533953
0.905 0.857481748313049 0.647516343496521 0.630879761117561 0.469721574897236
0.91 0.860488048692897 0.656741512066866 0.636218387633784 0.467408657431358
0.915 0.86380860866178 0.666593927917406 0.641638338743175 0.464783057334532
0.92 0.867465878034733 0.677119128319788 0.647143038303731 0.461782306207561
0.925 0.871484185349947 0.68836721425002 0.652736039239759 0.458331118783837
0.93 0.875889780508426 0.700393036669715 0.658421013939492 0.454338145237055
0.935 0.880711052046488 0.713256810837173 0.664201756696648 0.44969167105759
0.94 0.885978884138157 0.727025126013067 0.670082188634739 0.444253962530054
0.945 0.891726778873597 0.74177137970272 0.676066348655921 0.437853433865281
0.95 0.897991184310028 0.75757675995217 0.682158393218761 0.430273761131531
0.955 0.904811817222438 0.774531252227515 0.68836259274376 0.421238188437692
0.96 0.912232106073766 0.792735021853684 0.694683328227567 0.410386360733754
0.965 0.920299537489184 0.812299575146224 0.701125082842281 0.397238402138742
0.97 0.929066165222111 0.833349422742271 0.707692435338563 0.381136530121908
0.975 0.938589166696116 0.856023947100902 0.714390051289058 0.361143369541038
0.98 0.948931506981419 0.880479665858875 0.721222672868918 0.335848116470178
0.985 0.96016264122338 0.906892701187434 0.728195106368444 0.302946214974539
0.99 0.972359400120746 0.935461912464058 0.735312208920818 0.258127698532545
0.995 0.985606987711835 0.966412509873475 0.742578874264063 0.190857910367821
1 1 1 0.75 0
