0.005 0.306195213137405 1.58056953011481e-011 0.00299959596246494 0.0962230609926921
0.01 0.306195213137439 3.56298487679201e-010 0.00599989626283672 0.0962271646182041
0.015 0.306195213137861 2.16898328778483e-009 0.00899995491113136 0.0962340038075757
0.02 0.306195213140292 7.91503852758853e-009 0.0119999746598166 0.0962435830462135
0.025 0.306195213150038 2.15869250185446e-008 0.0149999837192504 0.096255902395306
0.03 0.306195213178559 4.90553009661336e-008 0.0179999887114469 0.0962709660563554
0.035 0.306195213240758 9.70113073436407e-008 0.0209999917840576 0.0962887780758396
0.04 0.306195213394797 1.76842017717501e-007 0.0239999937083401 0.0963093433433052
0.045 0.306195213717603 3.01912353358511e-007 0.0269999949259255 0.0963326673793037
0.05 0.306195214286235 4.85589596603612e-007 0.0299999958810262 0.0963587562270649
0.055 0.306195215167687 7.41863454245259e-007 0.032999996702347 0.0963876167436239
0.06 0.306195216472452 1.08695129015355e-006 0.0359999972975144 0.0964192564774947
0.065 0.30619521874028 1.55075425696394e-006 0.0389999978098974 0.0964536837756445
0.07 0.306195222562609 2.16514593262077e-006 0.0419999983006855 0.0964909078856854
0.075 0.306195228531022 2.96200600597558e-006 0.0449999988305979 0.0965309388045571
0.08 0.306195237237115 3.9732147616995e-006 0.0479999994603175 0.0965737874241292
0.085 0.306195249272603 5.23065429428448e-006 0.0510000002505307 0.0966194654293999
0.09 0.306195265230863 6.76623300963674e-006 0.0540000012620168 0.0966679852304199
0.095 0.306195285820178 8.61358451879222e-006 0.0570000025627689 0.0967193599923618
0.1 0.30619531402276 1.0843374836207e-005 0.0600000043472409 0.0967736035999916
0.105 0.306195351039868 1.34962646327471e-005 0.063000006756935 0.096830730644701
0.11 0.306195399902278 1.66359816460024e-005 0.0660000100929445 0.0968907567628594
0.115 0.306195463618723 2.03259411033593e-005 0.0690000146548194 0.0969536983986169
0.12 0.306195545196304 2.46295349378983e-005 0.0720000207419973 0.0970195728797754
0.125 0.30619564764233 2.96101555714083e-005 0.0750000286539566 0.0970883986518779
0.13 0.306195773968917 3.53312279414601e-005 0.0780000386908957 0.0971601949549391
0.135 0.306195927261947 4.18566775592738e-005 0.0810000511640441 0.0972349818751837
0.14 0.306196116058783 4.9289223769048e-005 0.0840000671764691 0.0973127803918736
0.145 0.306196345994624 5.77116796401743e-005 0.087000087394741 0.097393612501026
0.15 0.306196625177198 6.72196310869047e-005 0.0900001129026571 0.0974775006920404
0.155 0.306196962363865 7.79130104554491e-005 0.0930001448818996 0.0975644690959763
0.16 0.306197366317898 8.98917912224389e-005 0.0960001845150239 0.0976545425315943
0.165 0.306197845804593 0.000103255956345398 0.099000232984957 0.0977477470643114
0.17 0.3061984096123 0.000118105582361206 0.102000291479077 0.0978441098939619
0.175 0.30619906703194 0.000134542773479255 0.105000361282129 0.0979436590887919
0.18 0.306199839743912 0.000152721039435056 0.108000446038212 0.0980464241202245
0.185 0.306200739535095 0.000172752685599473 0.111000547496489 0.0981524347240012
0.19 0.306201785966335 0.000194778796743747 0.114000668977639 0.0982617224714291
0.195 0.306202998424636 0.000218939780550843 0.11700081376803 0.0983743200933053
0.2 0.306204396283826 0.000245375993957652 0.120000985151407 0.0984902617883305
0.205 0.306205998910136 0.000274227772686596 0.123001186409735 0.0986095829900015
0.21 0.306207825574356 0.000305635200501611 0.126001420802144 0.0987323200909612
0.215 0.306209902945929 0.000339758172169709 0.129001693343875 0.0988585109546813
0.22 0.306212267333014 0.000376783923305492 0.132002011252121 0.0989881946913905
0.225 0.306214947863484 0.000416877894689913 0.135002380147781 0.099121411934962
0.23 0.306217981054447 0.000460224351555655 0.138002807451377 0.0992582042083606
0.235 0.306221403342464 0.000507007341890487 0.141003300564383 0.0993986156485021
0.24 0.306225251163767 0.000557410908530078 0.144003866888434 0.0995426918650649
0.245 0.306229561033313 0.00061161924554452 0.147004513847224 0.0996904792569593
0.25 0.306234370760845 0.000669819041492233 0.15000524922682 0.0998420272395761
0.255 0.306239746935215 0.000732253341331177 0.153006088787503 0.0999973845167129
0.26 0.306245735289215 0.000799124388809419 0.156007042475959 0.100156603178483
0.265 0.306252396800448 0.000870662103190577 0.159008124634072 0.100319736762864
0.27 0.306259792356332 0.00094709624529027 0.162009349577291 0.100486840895503
0.275 0.306267982828366 0.00102865654334319 0.1650107316168 0.100657973455068
0.28 0.306277029195217 0.00111557288385255 0.168012285098095 0.100833194198042
0.285 0.306286994284269 0.00120807789681671 0.171014024957352 0.101012564818907
0.29 0.306297977288099 0.00130645894471784 0.174015977649322 0.101196149010048
0.295 0.306310053760055 0.00141096788181001 0.17701816209962 0.101384012296958
0.3 0.306323317194006 0.00152188189636752 0.180020603114428 0.101576222629711
0.305 0.306337861151616 0.00163947828850497 0.183023325520254 0.101772850780973
0.31 0.306353779157793 0.00176403430898868 0.186026354131188 0.10197397041655
0.315 0.306371164539267 0.00189582697145041 0.189029713690383 0.102179657551874
0.32 0.306390125426694 0.00203515118553331 0.192033434206901 0.102390064746019
0.325 0.306410796239076 0.00218233450354694 0.195037554881667 0.102605130888452
0.33 0.306433297924052 0.00233768713541549 0.198042110288504 0.102825006775456
0.335 0.306457766656469 0.00250153723069553 0.201047140497028 0.103049779291672
0.34 0.306484338303174 0.00267421256795706 0.204052685467055 0.10327953882099
0.345 0.306513148711333 0.00285604090119205 0.207058785151586 0.10351437879644
0.35 0.306544333974472 0.00304735023021283 0.210065479601628 0.103754395956827
0.355 0.306578073274014 0.00324851300968513 0.213072825615941 0.10399969030168
0.36 0.306614539568514 0.00345989588069084 0.216080877405086 0.10425036480551
0.365 0.306653916128446 0.00368187524229143 0.21908969342483 0.104506525822987
0.37 0.306696391992682 0.00391483335105329 0.222099334398613 0.104768284965222
0.375 0.306742156350236 0.00415915262047992 0.225109861107741 0.10503575798514
0.38 0.306791397893381 0.00441521501494517 0.228121334124082 0.105309064757903
0.385 0.30684433410937 0.00468342875700894 0.231133826091476 0.105588328958857
0.39 0.306901212501815 0.00496423026249433 0.234147421998923 0.105873678026893
0.395 0.306962270255246 0.00525804644116452 0.237162202630177 0.106165243721591
0.4 0.307027761218629 0.00556531924375098 0.240178255816922 0.106463163565107
0.405 0.307097938941996 0.00588649035135033 0.24319566926451 0.106767580505647
0.41 0.307173056380894 0.00622200094247093 0.246214530414627 0.107078643061398
0.415 0.307253398986938 0.00657231971656565 0.249234941099072 0.107396504889354
0.42 0.307339287794965 0.00693794643650006 0.252257018627821 0.10772102829756
0.425 0.307431035291993 0.00731937410007484 0.255280876537349 0.108053266058745
0.43 0.307528971402777 0.00771711040509636 0.25830663613275 0.10839219163799
0.435 0.307633425749917 0.0081316627945073 0.26133441858503 0.108738891366641
0.44 0.307744728168119 0.00856353888253276 0.264364345164297 0.109093247087556
0.445 0.307863270350811 0.00901329701327747 0.267396565505785 0.109455449756004
0.45 0.307989446796505 0.00948149929420571 0.270431230136433 0.109825696935085
0.455 0.308123669624002 0.00996872281670533 0.273468497648577 0.110204193216002
0.46 0.308266356932063 0.0104755495546535 0.27650852939065 0.110591151996856
0.465 0.308417926881135 0.0110025615327046 0.279551486737849 0.110986795079115
0.47 0.308578823210366 0.0115503616268513 0.282597543042328 0.111391353132007
0.475 0.308749557701977 0.0121196092543467 0.285646903158526 0.111805064783502
0.48 0.308930626921293 0.0127109532588047 0.288699764366774 0.112228177316196
0.485 0.30912255281372 0.0133250633175083 0.291756335822188 0.11266094736079
0.49 0.309325856954676 0.013962608812737 0.294816826506247 0.113103642357548
0.495 0.309541073995634 0.0146242700012951 0.297881451529613 0.113556541035891
0.5 0.30976883254227 0.0153108062097585 0.300950469709717 0.114019932635111
0.505 0.310009739274189 0.0160229610931382 0.304024128784261 0.114494116199263
0.51 0.310264435040888 0.01676150715631 0.307102692393807 0.114979401338995
0.515 0.310533559548634 0.0175272159504375 0.310186423643544 0.11547611232445
0.52 0.31081777797745 0.0183208809831519 0.313275597374719 0.115984586652543
0.525 0.311117847372318 0.0191433763122888 0.316370530245806 0.116505174864726
0.53 0.311434515981451 0.0199955713604899 0.319471533786631 0.117038241473845
0.535 0.311768560514203 0.0208783604099927 0.32257893252117 0.117584163383248
0.54 0.31212075494234 0.0217926353154685 0.32569304973973 0.118143332781522
0.545 0.312491954858983 0.0227393615042434 0.328814245036929 0.118716160612121
0.55 0.312883054042147 0.0237195416511065 0.331942893847757 0.119303074595665
0.555 0.31329497806628 0.0247342093066963 0.335079384792562 0.119904518836458
0.56 0.31372865957136 0.0257844044325287 0.338224109612681 0.120520953256593
0.565 0.314185056069931 0.0268711904090076 0.341377470590665 0.121152856489993
0.57 0.314665247409112 0.027995747498291 0.344539921137863 0.121800730856296
0.575 0.315170312479054 0.0291592586121922 0.347711912590174 0.122465099815165
0.58 0.315701361851935 0.0303629369352982 0.350893909470253 0.123146506713033
0.585 0.316259530043534 0.0316080192356211 0.354086385810237 0.123845516225494
0.59 0.316846075558523 0.0328958659355751 0.357289864221587 0.12456271860741
0.595 0.317462280700097 0.0342278648167765 0.360504874734265 0.125298728083672
0.6 0.318109456244882 0.0356054321617626 0.363731958415526 0.126054187208459
0.605 0.318788946323232 0.0370300184704926 0.366971668604213 0.126829765504392
0.61 0.319502244896344 0.038503229919873 0.370224612864887 0.127626161142067
0.615 0.320250864593591 0.0400266957623407 0.373491403422533 0.128444101969247
0.62 0.321036346712502 0.04160207494381 0.376772662854308 0.129284346281761
0.625 0.321860335966953 0.0432311366674603 0.380069048565287 0.130147688186954
0.63 0.3227245783621 0.0449157618241049 0.383381250031947 0.131034958613229
0.635 0.323630875647754 0.0466578933010096 0.386709973831264 0.131947022645964
0.64 0.324581050180447 0.0484594965218618 0.390055932959764 0.132884783092021
0.645 0.325577109395142 0.0503227421835321 0.393419896199774 0.133849183831891
0.65 0.32662112282652 0.052249873870288 0.396802648591609 0.13484121382703
0.655 0.327715203118044 0.0542431836603057 0.400204987509224 0.135861908907362
0.66 0.328861614986565 0.0563051370431931 0.403627751650264 0.136912351916914
0.665 0.330062750748286 0.0584383489201943 0.40707181189771 0.137993671726285
0.67 0.331321046687392 0.0606454855647989 0.410538050117737 0.139107049617475
0.675 0.332639097090934 0.062929397907692 0.414027386563503 0.140253723940063
0.68 0.334019664090653 0.0652931375647284 0.417540779440006 0.141434991969791
0.685 0.335465571131296 0.0677398298140752 0.421079200378035 0.142652209964692
0.69 0.336979806555777 0.0702727975851419 0.424643656055353 0.143906802498451
0.695 0.338565563228492 0.0728956132938074 0.428235194124422 0.145200261305918
0.7 0.340226116457447 0.0756119509092564 0.431854877702159 0.146534146421303
0.705 0.341964950430889 0.0784257412290321 0.435503808212164 0.147910093293978
0.71 0.343785768145822 0.0813411886031184 0.439183124348492 0.149329819863735
0.715 0.345692360447655 0.0843626074988252 0.442893979102127 0.150795125512807
0.72 0.3476888306636 0.0874947061625249 0.446637573801826 0.152307894796158
0.725 0.349779472614078 0.0907424374881808 0.450415136402398 0.15387010398686
0.73 0.351968723965421 0.0941109383282817 0.454227914341003 0.155483829872898
0.735 0.35426141380306 0.0976058511377685 0.458077204716289 0.157151248435676
0.74 0.356662517117869 0.101233010389581 0.461964320817677 0.158874638418576
0.745 0.359177335015428 0.104998678087361 0.465890611092525 0.160656393325128
0.75 0.361811494412558 0.108909548892422 0.469857456085987 0.162499020444679
0.755 0.364570842465224 0.112972611409301 0.473866255811502 0.164405141965296
0.76 0.367461709040177 0.117195504016994 0.477918449756734 0.166377509836694
0.765 0.370490638830672 0.121586157770024 0.482015492769254 0.16841900744566
0.77 0.373664671995748 0.126153181016809 0.486158871588957 0.170532651858395
0.775 0.376991211968909 0.130905684624354 0.490350093733754 0.172721586771618
0.78 0.380478102625872 0.13585339247741 0.494590687597231 0.174989111026387
0.785 0.3841336970513 0.141006743833947 0.498882203123035 0.177338661674665
0.79 0.387966789616799 0.146376803278305 0.503226204394971 0.179773815212553
0.795 0.391986810687569 0.151975544693111 0.50762427300276 0.182298296589231
0.8 0.396203637134905 0.157815586260932 0.512077998843704 0.184915978643037
0.805 0.40062792129697 0.163910674161772 0.516588982618117 0.187630865965115
0.81 0.405270832855451 0.170275315862317 0.521158827996593 0.190447094112817
0.815 0.410144391788002 0.176925279051681 0.525789140032243 0.193368929521428
0.82 0.415261250987323 0.183877279928688 0.530481520215213 0.196400736633341
0.825 0.42063501634872 0.191149474607945 0.535237561266791 0.199546963789447
0.83 0.426280056439373 0.198761184723294 0.540058843702093 0.202812122892774
0.835 0.432211783789982 0.206733340309139 0.544946928611409 0.206200744189116
0.84 0.43844657415106 0.215088373089348 0.549903353347841 0.209717321328999
0.845 0.445001908797451 0.223850452514182 0.554929625929296 0.213366252470987
0.85 0.451896501359856 0.233045708750608 0.560027215227036 0.217151778334517
0.855 0.459150226646781 0.24270213569246 0.565197551689799 0.221077843934702
0.86 0.466784474163493 0.2528501857723 0.570442009909162 0.225147991351891
0.865 0.474821993594022 0.263522544017069 0.575761911747569 0.229365190566034
0.87 0.483287180069977 0.274754621229927 0.581158513134982 0.233731637177709
0.875 0.492206183674546 0.286584771355666 0.586632995733325 0.238248493338307
0.88 0.501606908983684 0.299054318711512 0.592186466726325 0.24291552984424
0.885 0.5115194052197 0.31220825901169 0.597819940029395 0.247730747674855
0.89 0.521975837377625 0.326095253575916 0.603534337222566 0.252689846143201
0.895 0.533010683888505 0.340768009837503 0.6093304797613 0.257785541841883
0.9 0.544661082700403 0.356283939857732 0.615209075052024 0.26300674644771
0.905 0.556966893833349 0.372705327766351 0.621170715879281 0.26833749606182
0.91 0.569970988854466 0.390099902533061 0.627215871965265 0.273755575241968
0.915 0.583719507800379 0.408541367619 0.633344884197308 0.279230761660073
0.92 0.598262231224924 0.428110157267178 0.6395579553881 0.284722571595863
0.925 0.613652757957 0.448893843309355 0.645855151017191 0.290177285450573
0.93 0.629948956502343 0.470988063817095 0.652236391306811 0.295524052303754
0.935 0.647213290906205 0.494497234641184 0.658701450211446 0.300669706170921
0.94 0.665513353141216 0.519535675031473 0.665249949482635 0.305491816462742
0.945 0.684922240983734 0.546228456770058 0.671881360387201 0.30982915614515
0.95 0.705519123692508 0.574712636487859 0.678595002296368 0.313468445587532
0.955 0.727389831128505 0.605138563992612 0.685390043068509 0.316125344594866
0.96 0.750627521495737 0.637671376726187 0.69226550049553 0.317416596502845
0.965 0.775333371880869 0.672492571532307 0.699220245951406 0.316817477399451
0.97 0.801617463720786 0.709802013419868 0.706253006655717 0.313593606253854
0.975 0.829599634958542 0.749819919076785 0.713362371795682 0.306684367428349
0.98 0.859410524119441 0.792789286956523 0.720546797845527 0.294485147700055
0.985 0.891192711548484 0.838978589300491 0.727804615423979 0.274385468440597
0.99 0.925102007897468 0.888684840585645 0.735134036986748 0.241575047632747
0.995 0.961308917282053 0.94223710468257 0.742533166051195 0.184617394471918
1 1 1 0.75 0
