0.005 0.516507691781847 0.200217510701448 0.00299923379256846 0.20213537406618
0.01 0.51651009729141 0.200214438075696 0.00599987432273939 0.202137438541935
0.015 0.51651409979918 0.200209315849085 0.00900011128312276 0.202140881557533
0.02 0.516519698651226 0.200202144988726 0.0120004288520509 0.20214570592518
0.025 0.516526890146727 0.200192926653912 0.0150008996421143 0.202151916673662
0.03 0.516535669681761 0.200181662726165 0.018001586185547 0.202159521185209
0.035 0.516546031405136 0.200168355733878 0.0210025367705342 0.202168528174027
0.04 0.516557967770591 0.200153010418506 0.024003797414115 0.202178947923369
0.045 0.516571470955179 0.200135631918327 0.0270054137365892 0.202190791967757
0.05 0.516586532604937 0.200116225768499 0.0300074310440776 0.202204072904625
0.055 0.516603141813013 0.200094799958132 0.033009893471393 0.202218805301521
0.06 0.516621286770519 0.200071365525668 0.0360128456830402 0.202235004985138
0.065 0.516640954979516 0.200045934484066 0.039016332106501 0.202252689396455
0.07 0.516662133946933 0.20001851884089 0.0420203971706909 0.20227187649961
0.075 0.516684810470627 0.199989131181156 0.0450250852365722 0.20229258719239
0.08 0.516708969054588 0.199957783660142 0.0480304404523178 0.202314845398043
0.085 0.51673459248056 0.199924498580106 0.0510365068780131 0.202338676355594
0.09 0.516761661534008 0.199889303298898 0.0540433284020704 0.202364106883659
0.095 0.516790157007071 0.199852225169633 0.0570509489135553 0.202391164910819
0.1 0.516820059692394 0.199813291545064 0.0600594123015828 0.202419879299394
0.105 0.516851350382667 0.199772529777905 0.0630687624552728 0.202450281455351
0.11 0.516884009870691 0.199729967220662 0.0660790432637557 0.20248240473425
0.115 0.516918018950807 0.199685631222866 0.0690902986163156 0.202516282999214
0.12 0.516953358437762 0.199639549095151 0.0721025724042508 0.202551952658129
0.125 0.516989997929397 0.199591772011362 0.0751159073426397 0.202589453615783
0.13 0.517027911164768 0.199542346250872 0.0781303466410841 0.202628826398075
0.135 0.517067075742039 0.199491317564418 0.081145933824206 0.202670114411724
0.14 0.517107465507387 0.199438740266807 0.0841627120056778 0.202713362761137
0.145 0.517149054262179 0.199384668771435 0.087180724294324 0.202758618087128
0.15 0.517191815804439 0.199329157499122 0.0902000137986065 0.20280592833191
0.155 0.517235723931639 0.199272260873026 0.0932206236269072 0.202855343908785
0.16 0.517280752436777 0.199214033342308 0.0962425968868363 0.202906916686405
0.165 0.51732687504196 0.199154529767456 0.0992659766737869 0.202960701116038
0.17 0.517374058947167 0.199093840535796 0.102290805003811 0.203016755130155
0.175 0.517422276021681 0.199032037791444 0.105317124661056 0.203075137869019
0.18 0.517471498524916 0.198969203423642 0.10834497837978 0.203135910247934
0.185 0.517521697734432 0.198905425184746 0.111374408723722 0.203199135923931
0.19 0.517572844913309 0.198840790907541 0.114405458254167 0.203264881201732
0.195 0.51762491132355 0.19877538842991 0.117438169532231 0.203333213260275
0.2 0.517677868226791 0.198709305578796 0.120472585119084 0.203404201684474
0.205 0.517731686880532 0.198642630018424 0.123508747576934 0.203477917466935
0.21 0.51778633884314 0.198575465456672 0.126546699351017 0.203554437199633
0.215 0.517841796212548 0.198507947948755 0.129586482658615 0.203633838123701
0.22 0.517898032544159 0.198440182312136 0.132628140280124 0.20371619937038
0.225 0.517955022400834 0.198372296643467 0.135671714913678 0.203801603189873
0.23 0.518012740337994 0.198304418654099 0.138717249260211 0.203890133541582
0.235 0.518071160910198 0.198236676025643 0.141764786020825 0.203981877229406
0.24 0.518130258667397 0.19816919641326 0.144814367896116 0.204076923328641
0.245 0.51819000809448 0.198102107124226 0.147866037579253 0.204175362972498
0.25 0.51825038800095 0.198035559091951 0.15091983824841 0.204277292646248
0.255 0.518311381583117 0.197969727843607 0.153975813562626 0.204382810073529
0.26 0.518372969795052 0.197904767236346 0.157034007084864 0.204492015993168
0.265 0.518435137597478 0.19784085089998 0.160094462862506 0.204605012149293
0.27 0.518497869911039 0.197778152238036 0.163157224938563 0.204721904048151
0.275 0.518561151656934 0.197716844648202 0.166222337356282 0.204842799264568
0.28 0.518624967805547 0.197657101677525 0.169289844166774 0.20496780780031
0.285 0.518689304173033 0.197599099454263 0.17235978955616 0.205097042967753
0.29 0.518754165599632 0.197543073162532 0.175432220711607 0.205230625632674
0.295 0.518819545509164 0.197489220656113 0.178507183053482 0.205368677165945
0.3 0.518885446721111 0.197437765363105 0.181584723590295 0.20551132038469
0.305 0.518951872630164 0.197388932468478 0.184664889422341 0.205658681161288
0.31 0.519018826639937 0.197342947181902 0.187747727651436 0.205810887983402
0.315 0.519086312229802 0.197300034880711 0.190833285393714 0.205968072181858
0.32 0.519154334231328 0.19726042393195 0.193921610020854 0.206130366822552
0.325 0.519222924695857 0.197224403724398 0.19701275399981 0.206297912512735
0.33 0.519292101367616 0.19719223049682 0.200106767138621 0.206470853784302
0.335 0.519361894903963 0.19716418692844 0.203203701780522 0.206649337287175
0.34 0.519432336764016 0.197140557473046 0.206303610420189 0.206833513017418
0.345 0.519503458427157 0.1971216266257 0.20940654555634 0.207023533927453
0.35 0.519575291535767 0.197107679172329 0.212512559722347 0.207219556138228
0.355 0.519647871617388 0.197099006814091 0.215621706278747 0.207421739266655
0.36 0.519721276291657 0.197095976783072 0.218734047479643 0.207630248179415
0.365 0.519795555099377 0.197098904994652 0.221849639658935 0.207845251986549
0.37 0.519870779693653 0.197108145502602 0.224968543948668 0.208066923263831
0.375 0.519947020988023 0.197124051063594 0.228090821321885 0.20829543869447
0.38 0.520024349784143 0.197146974251826 0.231216532726506 0.208530976807473
0.385 0.520102836063525 0.197177266394088 0.234345738919233 0.208773720745879
0.39 0.520182586926488 0.197215335370034 0.237478509296016 0.209023860494363
0.395 0.520263709548776 0.197261589584664 0.240614913193282 0.209281589233882
0.4 0.520346319315299 0.197316448408581 0.243755022007824 0.209547106517633
0.405 0.520430538074972 0.197380340899637 0.246898908658769 0.209820616365205
0.41 0.52051648787354 0.197453696417353 0.250046646110877 0.210102324470765
0.415 0.520604290221697 0.197536943600166 0.253198307194073 0.210392442269477
0.42 0.520694096158994 0.197630551199941 0.256353972138083 0.210691187193686
0.425 0.520786083496557 0.197735024965454 0.259513727779317 0.210998780737532
0.43 0.52088042405532 0.197850861599546 0.262677659572415 0.211315451906878
0.435 0.520977304305821 0.197978577466497 0.265845856677455 0.211641434708282
0.44 0.521076910426371 0.198118688541812 0.269018408180104 0.211976967563142
0.445 0.52117942741983 0.198271709328982 0.272195402853694 0.212322294287252
0.45 0.521285089046518 0.198438215477052 0.275376942409957 0.21267766714046
0.455 0.521394139799717 0.198618796803575 0.27856313129473 0.213043340391084
0.46 0.521506835222789 0.198814056420413 0.281754077001665 0.213419578378686
0.465 0.521623439542294 0.19902460823268 0.28494988934636 0.213806649442683
0.47 0.521744217433234 0.199251066687085 0.288150678267217 0.214204828394392
0.475 0.52186943954072 0.199494053300142 0.291356555363141 0.214614399173479
0.48 0.52199945293547 0.199754280630799 0.294567653389806 0.215035652886329
0.485 0.522134586505481 0.200032440329333 0.297784099980771 0.215468886529841
0.49 0.522275197103227 0.200329256962449 0.301006030611234 0.215914405517766
0.495 0.522421642480057 0.200645456164383 0.304233581005588 0.216372519907714
0.5 0.522574280212027 0.200981763367201 0.30746688683832 0.216843549005117
0.505 0.522733538617663 0.201338985226988 0.310706104070397 0.217327825739922
0.51 0.522899856671492 0.201717941810963 0.313951391540604 0.21782568687339
0.515 0.523073696171535 0.20211947953684 0.317202914669283 0.218337479665227
0.52 0.523255524638709 0.202544451364173 0.320460840525344 0.218863558723031
0.525 0.523445808429043 0.20299370894504 0.323725335834162 0.21940428543571
0.53 0.523645090860089 0.203468190789554 0.326996589885688 0.219960036989642
0.535 0.523853934748771 0.203968858882323 0.330274797434247 0.220531199105396
0.54 0.524072927184655 0.204496703121479 0.333560160317439 0.221118169983592
0.545 0.524302662039293 0.205052721036497 0.336852882369422 0.221721355202855
0.55 0.524543742459649 0.205637920567421 0.340153170175569 0.222341171802395
0.555 0.524796869212178 0.206253419902909 0.343461259148998 0.222978049153973
0.56 0.525062748539398 0.206900345353608 0.346777385993017 0.223632427208721
0.565 0.525342117838413 0.207579858581394 0.350101796603 0.224304763346778
0.57 0.525635713872245 0.208293120528263 0.353434736686152 0.224995526094646
0.575 0.525944331607272 0.209041358001873 0.356776469200059 0.22570519832866
0.58 0.526268847566486 0.209825891882455 0.360127280912462 0.226434274269166
0.585 0.526610148266324 0.210648056099888 0.363487461220005 0.227183261385699
0.59 0.526969138716435 0.21150920554451 0.366857304996603 0.22795268360961
0.595 0.527346753329942 0.21241072885327 0.370237115741328 0.228743085176885
0.6 0.527744042661861 0.213354149390935 0.373627230711027 0.22955502564943
0.605 0.528162073913312 0.214341012412541 0.377027991425797 0.230389080093345
0.61 0.528601942181363 0.21537289546535 0.380439747524429 0.23124583451246
0.615 0.529064758346062 0.216451394594565 0.383862853175121 0.232125897127456
0.62 0.529551783393555 0.217578282944738 0.387297705356722 0.23302989927211
0.625 0.530064289416062 0.218755349954284 0.390744703428272 0.23395848868284
0.63 0.530603583783903 0.219984426858382 0.394204256751255 0.234912331505074
0.635 0.531171030405075 0.221267412756026 0.397676790422939 0.23589211732021
0.64 0.531768116624119 0.222606357291927 0.401162763280675 0.236898561067605
0.645 0.532396369080374 0.22400336009749 0.404662644312089 0.237932394899678
0.65 0.53305733286439 0.225460543153737 0.408176907570494 0.238994368568592
0.655 0.533752684216147 0.22698019019753 0.411706062126863 0.240085261495189
0.66 0.534484192914223 0.228564704401639 0.415250640852636 0.241205880173097
0.665 0.535253675488112 0.230216548290537 0.418811188558288 0.242357053859261
0.67 0.536062981462048 0.231938225991455 0.422388258496118 0.243539634852883
0.675 0.536914166648946 0.233732504550323 0.42598245585711 0.244754505877816
0.68 0.537809326368692 0.235602205455805 0.429594394486777 0.2460025742111
0.685 0.53875060600079 0.237550214388165 0.433224700620785 0.247284777023101
0.69 0.539740324594329 0.239579643944029 0.436874041867522 0.248602079431704
0.695 0.540780915628957 0.241693760507707 0.440543111675575 0.249955474212485
0.7 0.54187485572614 0.243895887858624 0.444232613364579 0.251345978591097
0.705 0.543024797093174 0.246189584692792 0.447943289614448 0.252774651085265
0.71 0.544233553628504 0.248578631322803 0.451675917557923 0.254242575194691
0.715 0.545503996417038 0.251066886549794 0.455431286404745 0.255750856174062
0.72 0.546839174960201 0.253658454221972 0.459210222452307 0.257300637781855
0.725 0.548242336958886 0.256357715606348 0.463013591476499 0.258893094957327
0.73 0.549716813845842 0.259169170152583 0.466842275419901 0.260529425481236
0.735 0.551266147777818 0.262097614852102 0.470697196411602 0.262210853379356
0.74 0.552894100348483 0.265148162114484 0.474579316433611 0.263938631339432
0.745 0.554604520697976 0.26832605062518 0.478489613032202 0.265714035478863
0.75 0.556401561993135 0.271636960351073 0.482429116308417 0.267538369793694
0.755 0.558289582007244 0.275086874180066 0.48639888957516 0.269412946641998
0.76 0.560273063816493 0.278681960152762 0.490400016254442 0.271339092002807
0.765 0.562356886663982 0.282428977645298 0.494433640981548 0.273318154006077
0.77 0.564546081879339 0.2863349180745 0.498500930033163 0.275351472202516
0.775 0.566845981654316 0.290407230021307 0.502603092339999 0.277440386245849
0.78 0.569262264536698 0.294653895896904 0.506741383289957 0.279586221282558
0.785 0.571800802767491 0.299083198832204 0.510917083050123 0.281790279236761
0.79 0.574467955837277 0.303704185140595 0.515131531476278 0.284053830682083
0.795 0.577270311202294 0.30852626359466 0.519386094427647 0.286378071945261
0.8 0.580214900310574 0.31355955159964 0.523682186458835 0.288764151930124
0.805 0.583309164659374 0.318814829134672 0.528021264558532 0.291213114684748
0.81 0.586560935943569 0.32430351250577 0.532404823277442 0.293725881436953
0.815 0.589978587852678 0.330037910719782 0.536834406662838 0.296303213990481
0.82 0.593570880526438 0.336030975989692 0.541311591314825 0.298945688126393
0.825 0.597347261096364 0.342296814976687 0.545838008265874 0.301653647883021
0.83 0.601317572237697 0.348850207255322 0.550415317112785 0.30442712111001
0.835 0.605492457246093 0.355707305633028 0.555045231536928 0.307265787908741
0.84 0.609883052607617 0.362885120236388 0.559729495239443 0.310168881973135
0.845 0.61450136793254 0.370402192091521 0.564469900942971 0.313135111242474
0.85 0.619360014623498 0.378278130607089 0.569268271573687 0.31616250776795
0.855 0.624472606757199 0.386534342826791 0.574126475674904 0.319248321946592
0.86 0.629853469933731 0.395193528295033 0.579046409970652 0.322388837031448
0.865 0.635518053183013 0.404280446265554 0.584030011283543 0.325579185012193
0.87 0.641482733402576 0.413821581919834 0.589079243961512 0.32881308683524
0.875 0.64776506007854 0.42384562129483 0.594196103521385 0.332082542776667
0.88 0.654383810169382 0.434383587941763 0.599382611106633 0.335377505023739
0.885 0.661359004265211 0.445468897166196 0.604640810372143 0.338685378243174
0.89 0.668712209491698 0.457137980315353 0.609972765450191 0.341990527226475
0.895 0.676466440616959 0.469430128161898 0.61538055463779 0.345273562534042
0.9 0.684646439192007 0.482388081220323 0.620866268022753 0.348510500438539
0.905 0.693278820513489 0.496058378942505 0.626432001190226 0.351671737420849
0.91 0.702392093264628 0.510491445072358 0.632079850904939 0.354720690349974
0.915 0.712017053782271 0.525742459171777 0.637811908986764 0.357612155699407
0.92 0.722186845967563 0.541871554111395 0.643630256009219 0.360290165913985
0.925 0.732937186454687 0.558944360037964 0.649536955322707 0.362685224037373
0.93 0.744306650543827 0.57703269850323 0.655534046271173 0.364710709202277
0.935 0.756336989517705 0.596215372884254 0.661623535462599 0.366258149088537
0.94 0.769073341456545 0.616578737058292 0.667807390725717 0.367190854409145
0.945 0.782564615847776 0.638217671147099 0.674087532566125 0.367335258904322
0.95 0.796863885193925 0.661236603940139 0.680465825983926 0.366468869110006
0.955 0.812028844889937 0.685750729540005 0.686944070942624 0.364302993687627
0.96 0.828122239847925 0.711887176839685 0.693523994871191 0.360457291701391
0.965 0.845212426746794 0.739786538239891 0.700207243375237 0.354420752890105
0.97 0.86337398456023 0.769604562825841 0.706995371343384 0.345488651776411
0.975 0.882688437512097 0.801514182446847 0.713889833577097 0.332653880498
0.98 0.903244990282204 0.835707630210599 0.720891976688469 0.314401810812061
0.985 0.925141464339017 0.872399138069255 0.728003029694642 0.288270311443332
0.99 0.94848530855836 0.911827916195642 0.735224095834775 0.249698798821182
0.995 0.973394759812345 0.954261610466353 0.742556145973319 0.18770890658401
1 1 1 0.75 0
